81159379864
583226339070
457699869908
700410467733
986410195557
401248072451
774819649904
372065643693
756783477782
383572413660
303552759241
281434458483
892692421924
809731555817
214690163574
147646195573
632438907882
41912038739
171172914469
87916652204
575407129427
468061768472
365191286692
878752162078
634237391874
531231366880
719213287845
718283379522
913262816685
739330224998
975369445409
114958526671
842991970049
574548052319
353039823120
750666333964
177509547151
310121059210
610942519136
114750776983
755435529053
159058651596
382698475849
495934938494
219540645040
479510893095
655393605537
944210088043
976217756366
980301058910
204936892445
966953585684
618932174405
690813873830
957298990895
136778864760
378821079890
334728092596
320779387664
151044751047
4886189584
961548083959
906770842956
951881320309
257900411101
922304271036
601693688379
541370359064
633732534186
74665559876
771060606706
761109871514
849805770589
343028912938
132361009909
107470365819
974334603884
500252076635
595821209637
875281317277
367989603616
389139333072
313724545896
224415711820
282841120110
606241429573
6644910679
122221480334
131095455175
92942629104
402758277983
208662378800
287298156429
229607910000
144024222233
115824077010
568348079536
264251285864
320781900701
594386773222
