41662191004
843213943885
783057258796
584258174573
257576235844
826011045690
59316372623
832544234414
56152701771
118696396492
388239251007
245260355571
757749925243
451862268360
204061926560
469762582523
138538973110
202508336744
629425525135
387087813012
637611035810
843885617655
724470643399
568949713035
287608181080
181653188199
912138603368
836013466845
295213152255
10573405188
839057201999
391691839262
418483286292
690271110060
792066688821
23824048698
963747460893
493326199405
242294449519
341705682399
74647254577
830160607220
216146982313
313651245393
565969756899
827246275020
719376130287
310376954929
503132640419
250708245606
682441357424
278178259844
278291720027
162597097393
105453019723
70627040225
192610942017
323493377477
790868531075
216814048391
857437925275
567540284634
700883423115
748830337606
460652080748
249390285072
239800762089
801875783693
45764226025
839086284402
103997997880
609824273495
274730156253
561031850439
182663245836
580511189687
708510116456
557175937678
136383666286
168053026942
132778452893
635325845686
44988694671
843303712842
11461719005
558221011344
30360995672
761861977492
529706359521
592689460145
440363545722
328040500659
529603349976
36417145654
495923999979
592121342936
221341420135
169996363870
592674939030
644452601068
