367173056587
32604159187
49200621883
459802278089
664774657070
219577555726
400728797207
150407378481
172476256059
561838433406
101804553597
997495378619
252021827937
188956505049
976067208381
129636132216
620028411536
559989863347
652859712978
277210541320
939485483760
463598632247
391099045945
524779730785
489953601953
144475631945
392110150067
245760236508
574797453607
874752521505
124861736225
915312382377
391671107689
346776413033
40281267782
256340671034
853269559053
137924653077
782555395222
779347849027
388335684346
193446156111
930125433564
469630993479
239352552032
198472790889
103902128732
449393047288
913343461063
251790296483
209174759675
561658740108
318281826446
876715779759
591670651827
1599620275
810709002622
873492001728
136782662006
317377609330
187437593299
97811051
229641027270
458178266495
845190437137
395385997828
346698149607
480827818651
236971704480
264794237508
726891676039
934907835616
616257616664
981034214051
605770173875
900656690291
873746572612
87833922656
617057207449
949751789387
495151159213
940374433665
450039095412
786145371911
673054066778
871277488397
569716954173
977251597876
389526845688
925761379278
408467099499
146926312079
646204511923
49176987570
979707135114
947231659114
81233858436
638243093175
163013906370
308787661823
