254298713695
201800337987
941466581416
482294778516
436656809714
726047390585
798678627834
809937045644
294146909729
172995410293
73227326709
121502146927
501604153566
345103718648
294005185748
94957193517
935292885609
424209669466
72988713294
677355973267
219686472403
593564067991
194806496008
360183634153
22239358616
525409874582
850439744428
422412217717
135920240807
206362784800
451634012651
292262118768
413106448726
263601251078
828128074433
205294971556
315365238069
168542574709
254606922192
513117660712
462792025078
275360023662
944446719863
581769774516
442532660436
612404527417
553745763258
886374866896
846351727066
897665631462
463595492924
982998355761
221292256632
929043532786
56678940952
716695169109
753223269778
993893741789
16964400222
78943540193
102272520450
718633534393
723262424443
48059503960
757410636850
256415849371
765924602808
666558735878
747108644786
552151768647
225144900087
818589734403
523272609972
916015571791
635732836758
607605320922
447816872794
536575251039
586010762157
374906804084
771548155404
781704568323
140327878067
754763038565
397920158619
748505345155
914851276984
645914788450
849440431198
889931528682
277868514976
765986772814
689880627819
763179710560
405034924417
984828183698
931707475214
313743536927
133335425526
300000004245
