218363919121
33655415764
69396384271
94202565520
186430807440
408214297573
218006746437
175010772949
583579832763
406178341576
426143109806
992926828795
313349415583
306221099947
399836801960
309926065369
383435755096
657932053780
399088335101
125123482124
317407625477
163959154947
76234781188
512428450000
583987134429
477746967875
783619526571
385597495867
538022560521
833384410842
542014176
462295541568
228214499605
381572167724
748913445680
572208985457
407266889949
345500088194
801946026677
732005238173
553333760846
967191661345
624774644571
541723775144
700677647491
578711433130
807388728977
351703761685
992225425763
993747203051
238297313924
300398263353
357059280409
922543391523
397383759324
258180916113
223739779912
81530695145
590783888418
780149540204
186614765924
710283505896
62792398587
196526432821
283331092972
941919516969
960779527221
705299943888
897124519569
441351622002
136503013354
169930911963
833535745845
908026373620
575879401257
178954175667
601495849056
47420236610
552548039797
457944877741
622900369265
749051909054
749054643468
628163959092
722165630408
834896038139
216916059194
949795799760
837226130240
142917747317
932871613609
835677151612
784096430154
767989215143
924000788562
389996978109
268895568792
583093909797
214508587317
116338456673
