442642105230
404018638228
404790034124
87762533342
96336243837
178894641435
976871112229
713823578058
104866371830
568098195558
826657684929
275042480587
754940115588
516275771484
502867146846
175230387898
979390512113
145601920274
928760284944
642714502071
741784779097
161936948740
583098690922
452617095242
879459791853
867653844995
564502933687
429826688513
171506223718
478977451803
129447489247
692120493076
988976339144
320912715197
963279439521
673904924579
347407623865
513237367338
315137576133
840909295625
153681058422
263313426006
630178994865
567727199362
321175138010
229620856654
482948919635
518339485834
519462179970
664213387558
266774061536
372329624399
478042132625
304378114355
513016660138
342436874915
285171423320
37271355376
348035141273
23006973637
677587816585
919439842772
101048578379
482967770776
860283345637
286789528392
410355499885
141271848989
660660554448
942780924233
954326524756
68009128984
66196808934
619640744567
422223316103
13828905701
933136545543
126358379561
933311605401
850884671517
659074381916
48894353669
820777966787
627124282976
403543877540
359259325609
659454074801
430676627477
156182829617
744107567700
662886350956
888154847226
486104271092
794006145282
365246832442
763039578703
498189145896
910664447424
284295091842
248026951742
