428617660808
139378626292
786873963133
538825057525
902893592955
816440251714
465522501965
638102313880
319575222611
178277306758
811168543201
747786918253
123454699430
300826087584
590881921515
153061424350
149814108958
728416758861
578679253078
922659664671
130214264143
949707559814
600147952646
133902910566
758821666125
184505630160
507251292049
562291411524
808659710313
112708067646
292012918776
505957148092
895449873288
911994485872
874137001845
613297336628
701139517987
524746874467
897831621100
157985761741
469171318525
93202393519
301240891057
194579324934
133067844224
891655145474
382047121375
348607178466
854828547107
21275578771
931543681690
907904535157
332488408617
155177773767
958821649847
699360942170
330753170284
25978133547
683221661685
460360195300
12321847405
419362349435
414217304468
475672740931
356536417172
137487220341
793261431929
873984336742
757939690316
522385580506
103524360509
895229834629
444310384698
933880234089
836001908973
849664858239
805870732857
691912634378
79390279706
820650195337
356440448562
454503809705
301588434535
434903582245
797756343792
479313972062
220472900577
125119032182
903061565538
265868664251
746007959329
937319584338
911266320029
918995010530
28940641060
965915421046
681523069395
130149438759
218836670040
903097264775
