461336445328
823470316336
808369229696
426815527097
478804302819
833073046469
529495013869
537382605696
571846583635
638034858000
442591477068
572115999772
795496961464
827076751699
215632143502
306882045811
555635057424
211767109605
158798520014
798467961329
595140365142
398912133945
497539672715
516540609799
860484395754
486468159906
309685151414
480307362889
432108075953
485030513320
436634846600
329136051015
600829907859
608319233482
394217115954
756539242142
644945445063
687911856620
352001153394
201929850189
196530509965
975403539176
589482105962
969996459744
622239609937
878684026265
489789853225
55401820512
694347670953
948272144167
406647146759
509055632739
885248613697
853772349049
580195494709
443390614908
158764313395
862516508535
302019536587
437858542157
160245639105
466833392345
336250929903
844740734018
577187694838
64358542356
495111790162
643170405881
629112898810
851917675142
950446733048
606289709736
819199802602
767337533315
707407087531
848662994118
483703150790
338841843438
793372919612
479751076508
993553699398
611161226776
822047330754
304349697592
724425493146
234920470055
675413898438
980855563179
72385050083
65971116740
475778507348
138498573402
909362328514
784010497633
433891983502
121612993137
639244467254
584910868831
813859096264
820665375552
