978268072569
690765863568
913294490871
995106758562
859356834974
633070280634
26402564320
119936274096
617444212963
451387765860
757538996858
481084229076
437750900684
765381912194
632102333385
432782896741
262760804620
163136631742
400257443355
175454316866
993161773077
11724995143
933508245567
191044039680
335923427922
978176575364
414538119719
352083279220
553694086994
617283464442
748799893525
630973067443
238590407039
332835614789
277475612251
770629667904
334006701455
19782816092
288232052611
13701255054
649439225227
353610247263
68356490781
511840382823
59402787298
65407130583
504321461055
931051069759
276533447607
819974885065
280471738886
601664482661
130909501704
979920371446
392117783346
623265216230
30191154556
737108143735
562505716332
753874692814
48695665602
215993580598
65101278800
658724198406
446537598073
436892112525
95197225839
708826799237
246208292876
953812012937
769262139361
557856284201
559939658177
323687080861
843942155209
794457243761
681095386397
546323717533
137730344050
329202087041
282544257867
501496340208
85914668216
559708189954
496263588304
273829376708
354154358154
517467377155
60868165177
989434637880
130770436984
711518661170
530177103002
859203911471
339531927443
406212081432
811813759649
191932965912
133688027896
598543937720
