183916478204
200272410793
581461270149
190869451394
189435904426
327267334553
371266030983
749365491528
802671502440
921448981625
253272388732
29533078744
342911546427
632099095221
270042012633
859647210688
390260890749
384158299728
826355224819
229178227512
476213256919
573588703688
116309194121
410097553019
931099459229
695990245408
497515414959
101394459816
348417663835
294127823728
99318576644
900253365044
41419866367
463939903400
821981426346
861800207158
60496238047
979226699626
536518564310
73158748400
386020016684
843448793021
867947767896
563643097807
841822327248
172261929435
974723456035
643116940206
284830148284
906015663186
184357205212
459522743328
902308312097
24870588208
211777886024
177581459568
765979810566
299963630138
94645928849
240928210834
391809314745
394467414369
40837329491
739939979953
484742075087
208377202798
966877018532
164730575262
625122091228
773487271907
741395220334
980604580159
256084854865
170939175310
278163316996
566535121583
417302750196
205490370839
266502213673
907102522379
51212522228
218499052955
762317870630
177613628931
945470256414
11886126039
185413116256
542314929417
766948341797
98890265118
615352216953
251932496986
96366053618
899097791600
747418595548
874412889294
310553285427
686852866764
183690497740
227203340167
