229370938527
819581257968
766210323527
657833136942
946764773497
849809716720
477094473196
971948779650
656328223313
750862919276
37401193182
217274137720
749914158841
548645496355
342777290111
292215985784
912730959739
14779399242
843313872827
682840515655
813609077040
332628576669
889153680918
494313799764
797180569246
69894477090
51167632144
210653420842
265938580031
759744650003
763195980143
435899703523
72628375242
636071929609
981135016202
927461147351
797001267787
366347205451
204373898252
331290063611
618446317647
97788468420
200688218150
737083059246
637142850357
465661977468
546096273057
782271014396
704976017703
734920878687
506495621002
502030567188
898319849746
633913891273
879614301549
927755134621
854841174061
222559598350
507403254630
881077145413
751250779883
297452231953
785334993625
995491255121
310721974389
304072662210
952423283404
236071520545
446829672839
769313828141
333373356066
976031835573
658382385995
249052271719
977673637036
713168501646
569864305954
642915685512
731073744109
21195915870
147787317338
673581334576
394011366239
217754317651
664587703981
193026005237
296462020958
56823849449
426180353634
358763324714
752559327436
91606535159
333456291198
430826726757
664953440269
169207852382
379271660371
556412597210
816011873150
990158980230
