718572926878
297478025948
2404362143
304579194328
760821753093
365140396726
292986264314
840119436663
928326828378
930937420411
670245888262
566369378768
183566674204
473338518514
648509861679
347248828286
185204339024
645958022443
325804044875
581424284736
674410103445
607439430511
479176770864
968116835503
707927497409
343554217554
470052995504
669702744336
885440221853
668219252142
230429952892
830453264700
419533786822
776918851490
813987874793
907605120070
271087130028
696794780566
608132338694
119483058699
75394268548
112932337076
618869514591
219167635397
859598552402
247255078652
140800459723
622390684029
907504044197
744874927788
50546064268
93533655496
912084823703
122853964549
875374853702
788099861616
351353518318
303239103381
789213596727
687461213032
26446081080
861182481465
469783057539
724020755446
513816452518
173339472012
241576741433
249676893177
148689287109
11148326187
479708900413
24035211754
734281620433
888676212461
372525737436
469369399637
720178784795
993298394159
126515944378
771455449278
503628289840
46296342033
153192025699
335708185901
864425227382
115033693842
107521901232
413432492922
183586180041
333566649109
597864881535
878424191166
675910210359
312629147582
485493402996
395507937915
398135954250
944777147493
900449907310
778991867842
