357535331181
333679428176
987245262812
882175955019
496163949101
110633540885
284880913369
489625270623
750247139506
23691727979
640671022678
823430006316
482983844885
199629223100
657416243336
315278430278
299767445202
815179315406
978816144455
491764748419
495439172404
580207280527
550107716226
938052542423
65127636647
70201209331
654255437086
833495458963
459755938368
829566128493
627254284430
558864902696
663929078430
725983458156
852810170189
363063023903
312789322750
594973679748
762164869375
625738206352
129222349039
379213953026
11193310425
167510761605
727955553299
680131041777
305320133857
641308351190
714530233539
852333492630
806688629080
50315289932
844332563456
74214301066
965059894080
30322687167
682255990681
979539281230
571010313755
758228197942
339286894978
334527419086
339683770789
473215511138
139314961691
507976647241
980189473244
843843942503
567390289955
978084769356
528536135533
148871401783
455011946337
198958318052
30000946248
481363674514
772560822136
171298317542
307293849624
547389096619
255574213731
927435945217
425485543293
383026007340
25196295634
373805196748
685438056949
50711660785
289989704534
720180905330
520887966850
184394527333
289371894460
657580462312
708638680287
262449460677
13730225215
968539879049
485161394941
526178848203
