286908253175
443715051915
783081281510
877159111059
533521102471
210467055958
91880284752
18862142196
237068035580
136519622756
417631052652
220906934212
148345352735
591274879241
326182567793
987918540051
123495113713
628497619840
476309406052
665311695060
871186980621
414477384681
45764867741
194266580374
624706869855
308111053231
50620695320
429900517562
502227569337
967849061019
459129775427
845059420285
247713609276
711276827838
779889894713
122962331887
556034957557
233264961772
372076246722
839947309665
905379725500
308814015168
925232510095
738571458751
317353573013
189154483600
43337636236
859771169006
62314828394
523411970265
865484675959
347181992491
799262735167
750412033801
930647071751
457732824092
278868909383
109942657842
947420243833
494396541168
704653280520
539102807554
217147247014
534353504835
259039673227
583339886233
355900866149
690517783496
517168237667
392551201609
432850747407
211872840628
407971555680
445880679290
602247894533
136104747058
927530949214
144062707834
994832122626
344749910532
422839732029
458793027042
297995819514
626388214180
112314650023
292799637882
375788227130
140754018930
418422947980
795448664047
740977362720
441697491134
363366883418
368524756789
637317223803
88342900596
122338844804
300147148498
239555652065
657505952674
