596119454392
3306339919
27479487738
614755922941
184887067173
209355535141
110679116748
428430949290
10136499155
156833049849
937485640597
408515065074
855957900573
325451363254
695373698436
666855492962
318729328021
724028367975
948950941829
436815345923
204796445532
7536246848
192721251728
628878830648
528898076088
740307987638
634207865444
883198333020
242314413773
721372985306
226763806754
574933425299
25634438115
801650588689
938161501283
718216697195
949507035097
816539616435
64047828486
554368771542
738907058003
900470478302
768211473562
988025641254
616945734395
655857654101
454400761050
935614790282
983555739695
81729520720
292493441206
354907251304
420315352925
938120959044
543983887850
339781759315
20384517011
532442502450
445789073913
672932761967
827343854560
96094220813
212183401910
286103839106
247591977185
222693967212
105934044690
978674394980
47726287858
116796206228
656685678645
579979679965
523078296817
899865268104
380776726415
381685719822
326594314368
228272816187
170846616717
29910440719
854266608224
239981619849
775533919575
524906635420
605280198874
666884596861
656628737144
525932914083
158843179885
629181060239
243700553632
411343561127
422465110834
976548794055
725759253595
372931765302
723807950487
247277581609
734679985049
85846299600
