72176712559
463907920962
126690951072
490896182434
203067537448
600844852729
216484444562
921561897899
486814162956
648482107362
41331898318
382182611657
869667049369
970542054619
812126149672
824737190251
502446402026
144499400867
723347695721
411034812171
774371388415
876948107579
803775667569
766618339708
474723458679
96586431637
755261412126
199740433570
323543694671
814861849131
160732085523
578474274342
128740627671
715383813209
450286444098
844096157718
793722287609
997036529495
486433311730
38886179299
918981025119
888129740911
453285313024
954460779880
95371552534
339973902354
649523086179
482667584619
81120218203
527711475415
48766572404
553108865545
68763503695
546560250769
807388936573
100444551951
319079239234
816377610667
817451545953
137974332397
785601804602
131415748783
803709591757
305376640302
917595966754
55201930351
237649508743
642165527290
134059978863
461538209433
810442961328
33920688909
825345882670
616147569180
15761999843
469103653338
428818958526
100975926431
989807467564
684836385182
933794790007
925577207851
311241895802
764615073849
770391298749
89416177807
806506592047
79296174273
836615706096
431936522178
551654298203
158548132913
650804964079
606623253388
870002972292
491795988853
688626704236
690193100415
138545718308
902879539170
