722135101002
982697118253
838477844322
218094347266
446311058775
179285943072
208359062323
943981768529
421872603824
374300598035
414635848086
864557443620
538496937782
242638717857
751828557971
465560100992
369638945361
840488131021
498776218324
702525399884
950877014275
917586481288
408283005608
17994942064
895007449712
563234019899
612138968990
178182948614
910992801434
321729686624
792089106000
767418660173
860245723007
220037254921
74525110626
343346922838
820372187693
256826295032
296105973046
425108343586
115402357697
566116288330
845366814874
255399550350
642530029583
671122325395
849706401639
269355642242
470125796788
499985309188
17659967363
795885520016
14010868757
46744099228
786577556100
440342275699
172538922546
827700289170
38705863093
337645040905
953513817813
911576870586
691987938038
603727814191
873823595548
553214225013
951914071176
580158425408
339806066385
357243722897
434156448516
103737328166
69155329395
309231528597
713098231956
416573640729
137386079092
740674057993
697687559209
934060470084
591243920439
520138580956
927430672435
285521289819
788495623072
486411401745
412264130889
726904451325
331358571972
629803464521
902140485155
863578404645
292992443658
480238539194
558705329802
330220668197
521283158204
399366125006
543440115323
354343057130
