267974314863
288392135496
393353139342
53722652581
463400971211
461073033427
199634538437
839235071202
393187152249
924857220358
758049088327
145645510237
594232970190
525593772257
229023677081
878100283458
100263329961
589679151685
974993751251
340514294211
705341861124
105269471405
829784299538
313334917957
209443452005
585838095663
46312467902
860888254178
935157787322
591644795876
90905430012
573836393236
722817815729
659292950245
118094377318
532634009194
362471274111
200885121779
174155317991
794323633647
900991729151
273790921552
760628873808
778608268364
594263730005
404935280662
684212124072
491995376255
409993098432
270531180430
764147381361
45969384669
3618692610
191246747286
137814583829
102114561074
695269071398
653907315842
916014440549
539388603126
404160711412
425483576640
835102226179
212067155179
967822559928
652871551313
449256989653
759470795906
295344238141
481328780525
547699741910
5353852355
820340120585
885129278425
251501868423
548989134473
262349367125
578511588218
378311544670
187677717169
595175819212
370723251871
156118188070
729801134899
672837741678
985082924554
213581372337
756517745727
576234535416
585018605540
205298284322
15704408470
463577942674
11659676026
919581192136
150019013728
905524451370
399333761607
747485741443
633561838369
