567968585377
932440187264
269065007883
827296413745
93408157185
140812240596
477295372648
637532668433
418991396464
124513736651
808886415886
727024225063
967589975689
242298946463
437810268723
979707296774
800046319212
199787164452
344597694547
483060419412
756074408039
714066982056
191611390665
800381353965
884977928267
962149251058
532677357186
95125158482
552783104510
744646486683
208259852672
31580590677
810124035708
320797124216
119240232936
464215340567
752362675636
884513478241
91281139016
521903777070
558652337410
77688657177
773243806803
479376360817
220131469247
385461643277
355609471024
732455717935
953631016037
118589905489
631646845965
392110450867
148620858267
958747244160
185782870973
419937067636
230656314310
145455960453
730608734812
181610278320
96249267716
850691527878
259781124536
467785182041
17456813147
329221390349
164711384034
569806227803
560449787616
432775085513
231192479644
175290588821
906033590832
779489474606
124326799190
912863920037
251883273618
680938046593
910327459865
902047063176
101300206444
436271406185
327759840176
395785818921
910693478594
411048023081
427649429873
946697349190
585868306156
861617421145
970961508274
933757985742
234433446279
395421261100
341375670207
23167655755
814335956206
577959313569
944720933502
814637795040
