826558636878
82096344512
123246138604
445348138304
632486826084
99311332278
118364041869
963979896638
124866577314
205142247834
552734834194
509631323585
131865962128
936840843526
485462625552
767048300980
633473581053
778607492403
719345443633
7028163078
215813216128
324599602003
225624904244
935347842006
58885843725
108275516087
198925267283
593807085829
363712235366
307559784529
756094216328
956101797341
77034998938
218757511029
210231199063
413209521473
819374621856
203795745502
658670906865
855743593370
152232564406
199700525412
880864254183
388792594688
765127251317
354925391424
314272676382
376261990792
751634837508
823967864455
113556112741
638867383600
642691960406
14684629024
969657111900
214231852229
259701229730
673633416085
65101879561
798873118451
277251474528
614573168761
286838302375
364413582714
485256086265
927679602316
429893364889
408801749532
1786072036
698189716697
726607928156
878009482008
980283561411
606445557241
589125205131
124137244526
997158527288
534501486934
929080618930
542475641522
512993303036
538393301434
16327635512
894006047400
897630247834
505271799587
858717774447
1585785201
972396560496
381882127108
479616069613
523507155400
890279506720
56320995151
292302844294
810406473649
933385845971
485998342439
389349839525
29469042744
