124227274674
206616814353
205003871343
805804904796
286606746126
647371089316
514334381232
215243412413
465765344204
150989212962
943052981337
945626452365
662561381944
12888577195
525821552878
104055970429
83332224192
295474390341
67761360920
370990404131
357629729482
575447252045
66133707209
654768287592
324181417537
918418107762
783877013532
206266552729
19296274612
438583382958
923922632145
29628259408
432592802566
856727036717
461855617945
413155380723
278012999811
149440567792
746534112837
737985701692
301507575673
959339801876
656229231536
368045906009
171555694005
365653176132
400562192587
982617130469
726284434647
995136616086
16496747643
637026071388
857239032893
320894495822
684371296806
828017178459
791921053713
272696312845
110937006679
601401619614
862365546052
481722754516
410094064144
744403634547
882179767340
264558264620
96155992293
448916457827
711971849490
56869143904
897285783231
200696649765
973715980594
872558329333
571194531775
661218364739
785375562527
77059090148
611673278277
454408862462
323834175222
389261447107
690642187505
138883104951
371274026348
981356288075
399290393520
779408619073
570729790037
211502153057
305803623194
604908900114
592959711276
764921750333
195163955071
28591302785
717049800459
204585216585
935950784996
173201500924
