178215797499
498969346574
753674088206
209334050808
813511543020
991486759164
879671548059
772427705286
679332825415
877297707559
590914467706
138686881480
375124161155
279428519393
75664066086
275679118773
329500882663
939331287850
923126912377
898365638694
322790079001
836156449691
820895112543
17008488147
990257537337
131536472754
862999788576
104714583188
460206663585
989224637064
449816619770
331805931722
903001781176
86416839728
806419132797
499583489785
4780702718
162636690840
727153454687
403767550064
680706890385
47173115372
961457767636
447455232629
11430449407
779188861612
316969651053
950656894304
241616502211
651472901818
777024110323
401237715718
751550950117
623043381868
702838676135
27670324249
64930111608
905243729005
412112607006
182364607327
449723113573
212321074301
200020342608
666592643791
280307810631
651898524394
298235383493
154826324733
208389522213
873875566640
576001678411
815111012480
382791096008
847894245877
795861134980
808647197994
655918445074
37705379508
383566344877
894724798704
17045291118
700822557228
695349197540
338780808543
713800353102
264584933685
181859435847
376041162515
637640017162
995838972613
373830472582
584928723890
292536232824
336093316905
316957114446
792082485423
128537967943
713138116956
288758174580
203425464606
