778335528431
984351110119
374212683775
391383288467
869744912174
465462363569
164084910146
395812145009
634304336765
960553187203
857354897059
237413169808
684751919844
521210824039
31579503457
641634197535
402483029043
919561293249
478139186805
265751508704
244081938102
514625216933
277489908522
43429347011
435825607688
970017373547
935077247688
686003794535
586769315632
496543608470
385944433910
255572501380
955261944710
431765731151
675387657035
757690335137
285121666046
749669822038
521528087674
381744874749
803106723466
44359759114
942279834814
930728734547
784083086944
187371105094
162657211442
841756540772
545237143625
333226203442
62838348105
405565820554
537379530438
161798801165
877105452779
621530144371
944298598171
204794070056
84163912853
128287611133
280667252908
208618308263
188321782400
715654766927
561259992679
461237320760
167265175048
571348854000
410296397857
430114378112
33013134451
628192490006
59483760413
997609616542
212147273440
707465229983
527921308508
119791715309
129265437486
267739136375
558249141938
282946760386
671682463893
593072495655
220485605381
781246300876
705267373837
609334607423
665724647177
204627990116
793824579982
917728907679
197082758413
709689383540
512084029438
575246343444
120198592496
789074688447
484714637954
241480281008
