498028285150
916365394235
56636086941
124678983274
528355708136
137626745434
292140365597
532785996330
747699981013
689162240141
886742025952
835713946243
686558676908
821306330892
943334277245
330085089897
777037255556
141240188069
258848354918
28669092591
276933596830
306538547690
15492817742
571654545023
484699766552
330712983973
593163237211
981278435842
103543903012
331728263231
485321765537
437367771542
614434887895
261561740572
424095346559
141091187323
676623923261
384889384447
415803763708
381427311884
490964247925
359635873011
471244224086
402816012962
902616064720
329427391430
705453572822
898218587268
927470565411
242045476799
527444024956
115118859368
873843492853
205539025834
640564276620
210406426371
505241994510
795060083092
135545140100
715666185762
502197824708
311543309847
457476177994
850868510513
522176083244
449472040504
565934313708
59083986640
410697486746
697033791202
761622614862
617581568868
171823738935
424986677707
35797607275
875631173956
61011222106
187684280416
911081578894
463548591960
760811368829
363492796269
82649197493
433011397927
872622716259
67853794971
228702956884
996254176218
179602660466
61380848485
935962271316
227800683459
880226898706
194545513635
178991837158
142923722954
63461423057
389559252274
385967193194
855438677516
