306612657800
652561880079
61354187167
458007249979
582416084306
490171755361
632533111232
106327252166
151419586193
843746067122
8991367397
268593639516
188807951263
626090694258
32313227182
514204147262
489224691431
699462639967
634255749501
422797352053
861516375753
340451842705
753259480977
156113976867
27669634146
184459832268
710765931873
988808284410
35876334470
967739675525
786429226189
107000832412
179678799477
957303902617
877690354478
649082980788
380236983004
276442122782
154599797816
235546200495
287000376466
606041595291
359346891463
513247347088
419235863210
855205730677
8344662081
427235781476
3695024854
415543307310
278496938427
575283941825
871292355179
711935647415
367933793950
304270190519
76363754905
398887649282
944237069892
193859891498
198248652385
69620842620
632855999932
128706158334
759386199830
287512044795
129434049033
902701326927
270899305212
309780815588
659526854808
978208613694
884449971976
642197424884
340692208407
296745503114
937263462719
38003014209
673527242351
793106233020
97857927103
154815081098
31019351281
656926300760
725157680433
415800000724
49481169815
733004199119
27616327173
635290619922
856274860666
990434291143
911324084090
988573812155
649484716253
416075780670
260462026308
664701784278
138566818151
390928359586
