78864509152
406593129397
776852356493
431642373452
641064975278
396479709077
484114370940
68639812635
920278417588
338315216341
487579846738
994210458069
283740895383
793344308777
997031175008
340875490182
627719792808
337582601309
18121018048
535449862287
698630287466
33071435156
218280980225
106650404154
187314215107
735159507645
382483038019
297237387078
80553976347
661079006353
270978190237
738669308000
348431894624
422194607383
460964124852
401218829891
816839578395
675567183707
756637795342
260311761320
901160017023
995730116781
298101121320
920491116256
491128206964
493193905801
949944893363
868080875830
691866159148
362553854483
48981965874
281095030204
932151892215
283573478646
232166421728
381499533045
557314514119
759445262966
611721480047
578361005170
394621754706
697514538165
737624112488
91278433527
250958247799
939841153352
267124628985
643058350437
963599222744
612556356227
334184273909
886588090770
695065469478
432346256614
947829930048
610490671386
797545013350
834843749993
800366300842
125667981755
598753333844
738298990990
826035481519
17047835124
506047381150
558617200623
515462588308
368449775502
514635259619
790970651212
382246707942
810962664684
970635366759
731718798829
436406684880
564231385842
17241418169
688913995701
384113591828
268098778563
