194623209674
762992827098
860267501022
764619501069
252606988144
826748473764
203342825140
101953703180
293077597632
391377503692
261849765834
411453985157
181069608774
286214923388
809479020353
538585494902
494067559752
80024058590
191197335909
752988882780
921934377648
886908313796
428016059506
763426296098
39995884835
780410096916
779953671288
242493676961
353989339718
621235887252
82129838401
537476856855
593378792794
8893693171
965586264636
335468454199
156916991856
678241625235
805521549608
318657739758
983277955989
930449375155
685961968510
878735374774
226803568763
763058491639
109501784023
679350032442
790579706924
978078241689
500486812012
600758007364
771605486699
874343617354
634029634555
369410663146
175285862926
656717197115
620108232404
861961669128
574134878467
960504210615
169828465191
638130843887
117236164101
42642312639
396814441005
464941558305
159385742541
141375459355
244166706273
636203159307
781712385009
720866554421
479908801601
838769294272
33086076772
600197103209
232680031959
924445975862
654290993204
179033723591
125683924616
696915987814
247803259326
503014351661
746381447050
584933499830
850455558935
411754570028
185341830405
143295271483
835949144212
697294828676
633575481392
138537459262
165783145343
551274722043
538479214638
488775057022
