865312697284
949107923421
661846231782
387664936437
303922920142
974319392916
530230180156
723160459386
753399717685
114620380001
626315212856
688446226390
747502056553
86700610154
895020265133
410429936327
985495557156
509238990549
370748281375
703888841920
715171481236
552377924648
392354278745
374254331586
729465483669
473874388096
827957937805
872758822221
428271052843
187989473671
383578400982
479550303251
636113663435
128890864321
999635311100
650021124802
779827701536
865425941695
689398244059
110193372659
385870912838
266034776171
766203148076
102218329989
538058086957
262416827609
473425367563
509367267941
40257789286
371319217112
898714401444
121391328719
751653348726
625657175176
673562803701
147138791114
206021883169
866761648293
153391213559
543430123775
189070643539
298892177826
912387088211
671767686615
630091471933
158342470562
60012615622
696416092622
960938158338
930804031842
997957395316
923361632408
631702845617
122071786096
253089400771
697213119332
765967830962
534680492855
419698559307
419533381810
300489426477
856468554037
174773942683
809175861137
180861798637
856632778588
33681344890
249908136729
836209698307
518558918441
372049400717
845410573047
755069972340
438617889161
467883374357
446661514292
46794069390
836557083593
615762352198
929679737595
