420345538769
756312297602
668646768818
201989274876
23590524194
926108516634
804857619928
910645770178
649492754609
427319114190
862075843877
948641492014
610026863124
872988513385
475679261672
188555221323
962393475905
432087180660
419544924913
657993920048
319662718664
189303812685
82359998153
933790867439
385054528909
18123434165
777790958921
753092031381
745445568623
789948902695
473615688224
428028778070
11985591872
906984604547
979412445979
231906626777
202559129341
649828544212
504127285701
262973729310
980575176151
878789080453
959757514114
484570418528
64691260744
659737594280
35734440759
263603134820
447958227446
585103704447
726305904634
819685773762
516245855787
823223444413
626917696606
104879791891
977816423147
18599558058
20635485896
375477034133
969983331873
828162587754
118398104074
225631590236
863343650444
640145298175
167534900700
663622866637
369285716001
876241726999
249827620859
323356672405
619483637247
831365779447
908457236861
324858521983
43311657891
789151426092
818039241506
211735358960
732211433521
947237653145
509018888657
131882800050
884792796167
375711569758
111071734575
391039627748
819131579011
843469002058
67707783371
487254743022
41304985047
696382230373
267432727742
593962744824
55488344409
637496129195
89402863949
356965253074
