629892121557
709032489
867392759207
984598488974
274846478371
429622323760
581556275583
242035170484
516725710328
199079195380
941156829503
362080560880
314179892949
488109241091
928825111439
509459049770
846050395329
728320013757
227120378142
138046119552
414763364590
701342555140
139786395963
28903369112
758987528473
825735037298
276428196968
723279337862
506533705541
663380989358
216257056342
609836206190
86621512486
51070937291
750540973080
281800215927
397461698096
289345216309
208136090604
931139092376
921522388747
233618053535
297566196529
394977768461
156050436570
27522321448
89941507465
165068565259
22829264747
255315238165
273138556339
171249758195
458999838699
358382295921
176752861098
355691124467
523301187285
233229573321
957960482143
939683416640
952371935662
693111186654
167302278304
466896349277
244944931544
646621750595
674393551248
919522567894
420346472821
395199466950
725206957717
407793554954
608158867674
391233805246
126027528380
558106206392
793559807852
530792183035
829082358544
688966442514
712291589530
242102782960
260920946354
482027298038
508005999510
616612694152
647062543348
48355363017
640052466679
847891322118
485845976601
198438548882
974144437828
169274071894
135161748044
781976269382
112549057366
140099595123
284216464502
610139463437
