852382580373
292311306355
945473112817
46305336224
512679308648
917874631152
708978456486
869763162895
77818663256
905381158315
168365645829
634388499526
450688472686
538540027980
371703922920
224145706129
210799445865
279250176027
382912847442
369310091904
483017552346
775286984777
670821728203
458253450054
288428450595
434822981984
322745744142
182734656621
145957102174
720919931078
125431120969
16822143024
345040393722
814083954543
576619497321
466689740268
593599384771
773817213110
353721772646
807132520891
172014491667
702050173938
570844109445
605409478902
852508953204
709439236301
849694681491
858237718672
943121648151
221681949346
571077424309
989093838724
64687010103
724512527133
117702879546
135794111562
103400852455
970920547573
842110850190
228861655876
919997659544
231442367494
289342547941
553123153631
542076668864
413921407813
159854792324
681112365257
498666384011
836791384654
206401569530
916785393827
702830370774
378296510872
488913652387
943703071780
207261553632
122230024462
220687598064
691540727844
54338252764
74820918918
126208563798
552158957066
254742963366
537960189957
884514265047
434328388068
542824622582
40636775742
479228793902
378557462546
270475747297
319739040955
457620459459
336514162104
406620578985
323035467245
432888812194
434187318509
