412686008927
476492819739
896261877247
872348636092
731776118149
146548861525
926547924448
170867576688
371845565359
855644248804
667098844690
110495417597
623140769236
41503003143
427253314180
582885830978
672468086286
634747087731
251759130549
146551534813
386441365116
174873612141
274996466322
339209047796
616192743074
663388122414
644112614929
597662583149
875216216657
248855369679
423975768437
390502071551
266882753195
108519355882
572584405994
373002687588
913500381655
65073730445
729378570833
261002031475
923222855493
935958758657
996389350397
762936538278
14430369925
187904945718
490889378303
577369973631
764948544344
29213069408
12329952091
931460910907
12821825117
775733730706
166078668335
224280664905
478202360020
642376622631
206692221206
386475317545
276820202597
159780467627
175011007402
203007104555
873385967382
659121697579
495861034428
190073411964
143496578301
592494952187
551989617488
107009002780
643533747270
610083611742
927109831077
654786501327
916460947724
670282199838
820590147016
987508841965
247415944016
593067264699
56675465070
560328823203
593492313141
634030314472
802290043289
461097639716
613610827932
670107169242
476427903085
894878198810
188224499837
944363652443
882307683841
356365503773
98591598680
379250586501
320186258672
881391797588
