826953649159
107312751211
747065339403
94257834384
377279847004
931438172043
753015055545
625876305609
478793846921
746014427999
890432224139
295073766862
694018190593
11595675185
63694641953
980964457226
498586375614
70080737316
290574753167
863582584216
747213958884
222158255983
132433441458
379489921488
759969342663
619689159617
41961348456
255632463090
633661788616
278267210205
71128129533
993355065416
196738181049
893327368810
654681984776
57083297881
676685645611
720584195044
884301423947
543628886876
20680060796
869679766675
465232318963
972306756897
960510416245
376004501997
214738044755
909067194655
556494730271
933923973291
120300992563
785662742513
502265732507
531565028482
25718021137
611902869680
890806955135
746520513553
720110159713
862807692407
280146548040
571607313428
520493677146
751707554831
264911074429
777880663705
234336375652
22948211815
140676839509
513047606147
777567284731
176749600631
875894858047
417661124413
372044635535
741152535731
489863675648
369000339829
836979572725
654429165063
101050722470
128794176380
149357692417
107922727118
842732940329
107770848396
458070731496
899645829983
417561524423
98436532059
123654309831
720291834242
564657935444
204082641570
302206263218
951945213407
215544663687
729044825872
938815110944
666885749679
