670551849632
443474139624
111520717017
390821662645
752849644908
627850047450
716353349807
602703796554
234151304942
836058489068
941068374801
225395532908
122541274315
447087189500
309815217684
828183490466
45522434909
599224410627
629615375833
233891260641
937231357285
586262098044
847498544106
123603580340
191312931686
621168196693
827831642587
988443155984
712529741992
639953813831
229983781454
394647960709
766659124631
769741235324
787002177939
187601940994
394486063655
951088717994
215580512064
567897335385
318218721944
926249130669
824965003623
394985208387
772594108363
454960602770
601467479823
81096882946
50092997268
157248846476
798281789213
278733876351
285917647240
217021875028
29305596846
937223930774
409809254744
931481378232
944143114633
289215536148
751877821847
579516140355
796074117566
782104106492
563087181883
912965102825
386830345097
494689077979
713353796521
772806759095
502176536765
825596238812
663446946463
872641576917
35976296896
303995778169
851039695688
938519685751
270932148951
933003243282
296809300464
904899047528
423474811871
704699988770
283062193562
504951793629
616879060760
354621618494
17945686980
301178656507
320715674761
414850898165
816139255387
693843752544
715133296496
334323541093
208600048542
149533711719
9534302716
777017776165
