892941561704
57262877823
717347000026
710161098341
196958675308
769281393019
2694540291
76618042737
718774914813
447409908748
998666657374
123134373656
202996074852
174866645262
600582734651
149056345323
62210840714
739636660848
168573587087
279396522308
501472660353
822418188613
67885752185
976395956978
878191688081
79815599824
269106966445
342537104748
559760141412
632135867069
984061371444
973006293221
64482189905
497230646357
461779051768
914520412493
279672496411
45611189385
430400588882
201276550051
139952860618
598287936691
768194523684
855401211262
693151173716
445841627208
680735398212
467417138450
431124716587
534577800917
761721794476
846974159644
112856785997
395373006893
179147820890
57248664869
322449611667
261020221041
643817268662
673682180086
567316544436
332840164889
994277813365
700747285167
700978973018
202466337058
481941690999
578352785461
610077676286
102880851420
7078037203
272557552056
803057571867
684720691294
78387013269
814511159751
742248147952
429560224611
596752715226
311575949803
615896613995
44615837646
639005072620
361494569901
229913603005
724049976675
40596113236
727016631680
151870919175
214093981078
934219768790
967194679253
438864385553
646560652745
635022311588
655536239424
496729217146
460555859069
282057979865
860767626858
