461121343164
235421012909
446386260762
414868179252
267817597614
346279534663
588342806807
834838765529
574967996024
257100410017
471779206983
244427120464
316361867403
328307765952
621719048960
329244152073
923838863384
131138571349
639596205015
9610413513
708209261512
857765571297
310167787051
931718850779
639181561716
409142854497
473329112760
31890031975
589458996741
813191510671
125466296453
853715270422
502426163800
383718879201
74973342839
529534510112
770806731506
401532150436
717527044955
784981592462
173226043360
154841466801
801971606268
495440773903
306853802438
219651228576
208896873463
100028164405
908796496194
574517113964
228003949340
768115703525
399621347198
715423042632
317023530352
874083101115
838844365492
719222920062
198026336108
906634323627
368904655178
454214652509
97828428315
889512707173
252679774984
885215941868
877692056290
170192354248
730307667282
690475617685
198069576782
980429509720
29537056134
889218931834
232677466119
864940993672
937335514578
321171640588
544856151554
657566139485
516074705646
854734129739
605251275737
358918899987
564011714736
132805809701
41067252051
173203602729
373134754659
819638483393
346318705714
53880498461
731529059556
618007567607
712029473782
807039176953
196913071769
856285646819
338928638220
471514164287
