180299027205
339293797622
661115500311
946615927316
417039850613
142838279073
213463758769
604855443053
595591386645
984962642931
929932589714
401224801930
412942213997
804946250056
437138714960
653005685042
904697838013
979970910395
529703824828
139126320134
428080663138
390337552998
96131051071
942096966150
517545418824
174244319950
776355823672
283310077759
457296656480
419167670529
368084503051
994656910449
481739723878
527884875183
463403454378
275701210739
835610251162
971026537165
293344039173
881949629867
244230647586
108862926654
414918185580
313384183714
974962519971
753371803412
138738432545
643434360244
16115807413
683803941154
127805356651
694218586362
525403429673
350761321115
497012279530
263461222743
97585138522
912183863688
748001047254
690534204664
470961646258
950196508649
104278845480
391534744243
126582154586
163258919997
764811901165
705066902811
749298960256
269709714619
158242168923
9748650519
565834037340
973239752961
898548637048
714337969461
409452791103
676261214385
152897616302
859735861596
53789054386
802942500603
996279261329
430280825723
582087832224
393632678509
228204793310
752518205986
70747878258
888214018769
43995067131
396721382246
37726003568
133185902650
601554580144
862512890148
183446129166
464000119247
863683183103
950821878960
