749722613796
803989859339
200644987746
325208882097
575721449406
270403915863
361036442790
351498542855
903776888338
310475168533
6621562935
730249357607
774469355250
177522884621
395268608586
834909356788
369311820387
766414681656
356587413044
264768797857
28301863995
36921384185
820728037903
194737541344
469726088163
699323700425
945951605317
520389394531
41755540944
326526084876
372228859050
950192521116
108195156310
159099382210
469426033475
540916095460
407103921558
377112725467
535949184002
794582811170
662328196110
972071128002
344048047811
193846645346
531091601101
115477828829
601275532041
835620860230
700989094549
255011946271
626207758603
376413109147
566704587032
45089866552
129183942033
644536072720
768054797044
170359013531
153081060312
791485694285
760127818565
475989624175
324933145210
999143325036
40249194788
846297317175
501713155435
259542430328
896206808993
830909416970
632704139833
879403483897
299423334878
209494656676
922562140561
769342848706
5547683738
884909014419
614050924980
614035144045
220572837450
627484411126
429597475481
832761202474
196740227372
619489071505
359586896014
868410524183
140013711852
984905207955
22902352943
688278591359
745308358903
580148817550
752132418749
854138889193
455263120922
603386277654
225182269835
665359281479
