926403706674
29405175339
371659162015
149891056161
917396143483
599321514435
412813856263
454739838295
519513351691
745514727340
267729553360
350449646541
596471652240
965422514695
686487805859
477999577443
945421025130
476378242759
134871174577
700405639154
760253741853
31311362645
499855040439
395233028286
665470187966
403951935414
310060001303
641275589172
179939384229
620363961021
37557778770
180971851434
933384063459
302440152202
371203215776
856002830756
850749511535
838311253414
991948085232
582076063713
793812830329
34786553071
197618941950
644890048127
491254090160
240050255349
190194963864
652095497874
646543802907
836328130164
781097845980
367799120767
797840427696
550865800169
242845540958
794357361975
361340558885
440083131745
266009547965
846483756884
981200432078
397922341932
573873872717
391304818186
589599222523
359513471748
188101742042
630389871454
951104938325
378008866134
884859198370
451513904471
723035023707
458960404477
37267017963
904513500079
482060189435
808785151072
964255302785
974428415818
667269309272
297986110486
647145674659
319368021742
769066151122
812492154349
958063500435
635427144610
516224962244
850523868557
866193567167
538618590772
307812581738
118908325891
706169445557
438707028534
768662173248
386955699216
890570234995
958493085276
