968492653906
582823164833
80526827650
12577115666
422933752638
474671336391
850776239942
514803387274
835022176551
517708086933
1910452608
707574400609
283992242133
952446133118
697871374456
570367378372
88790517069
508349121834
109940207161
476653317895
590753250347
623158332177
504089680892
345923123689
471343230823
240184560588
371895684907
699179584446
664437125614
435441745879
137300735233
932241383442
966392672084
394362206398
997501453834
561890862335
420454641641
695999345687
990465036008
877156238570
386934212946
483037987421
782326870089
130588637489
760413131126
946224996978
584473717745
742184050819
570357587727
750158980613
754661561923
615432865671
483319443088
857212444410
337646590902
789376420635
488158592764
848454771484
429110870614
373222439934
931778647331
729709865558
166362700242
754722664722
198960255275
713008311449
252104143387
83336869307
618529520616
293741081828
709273381098
115530279322
902732477412
940791829444
806041598560
193922243765
21224232713
276905638719
697054593666
846551368208
578471300360
892290647120
451175741855
456083694704
324865566175
569491102649
60850424299
551906443030
359262768126
424578638271
436946615576
385134917880
202421190827
347462106846
494660864996
459890675112
187761482002
242824067101
68553647340
434468268435
