91200032000
408172735201
247401060671
38083988602
629649774310
342083984553
767217986824
963766963406
917453133781
423866657354
160677590459
686589063212
830369197771
39578654082
813443956194
986433396966
490874953860
597836058044
987980906991
162251255358
852570089212
172177237505
261253081232
28475236805
235601275767
525493969272
271924892198
326929005080
430271057525
67554925501
611794004305
686027080952
82278275444
694137319176
346262527316
850082180153
396878697733
972714967438
619228273276
975454849740
755067811801
408985200518
255859781628
361366741179
429001583798
413832009060
561344939282
447961549555
823066326834
669102946542
963036004195
358107778472
394311512655
312414869815
768077939591
868332011011
753177340417
99503758517
980746015246
772428650855
35101799804
360120432699
509266195646
706080326580
186891477339
458085300291
17859142737
761467080274
107356737457
228272692577
606775819822
302904251087
615393203446
161783389646
202721160854
591780740861
869343457746
459087694559
509383147071
276110163234
150932259133
495237283293
988608423736
268242737662
760329475368
350756607528
520446436893
716057142496
411464420794
516270005860
604188469798
610119855565
100922930883
975788989398
923551948022
278759822592
832583285830
425982024132
973464950283
770516469279
