997253961301
791266068789
50956460450
201876951269
244603285159
913142070215
269999514331
884498840974
289242521387
45686329152
291257353898
10297210093
228000300042
459703746771
375899388711
509679638019
500931497526
272156655536
247082907789
392633836959
712052498810
758865164071
48485942841
945009409508
70597884765
889888102349
121560603532
615272040977
889151662585
200598232623
927873734503
45786166125
378693744773
816882597004
358618956274
262177997557
798221754795
989812695910
627470238141
694752449
439277934189
953590402569
978916486064
321598122291
105137056834
798327087606
419043155973
973681767044
382062488382
528691336494
191389931557
268618258500
519004636351
885635487737
821781956695
3643476721
420899482541
378001172534
209653610810
343122025700
124622425481
62228575110
420801298019
499032339435
915889337172
191236011602
827238428233
283549804552
792136604485
873253053649
302250037955
110956209594
982948745898
344134139775
254233436886
312560258678
261929699571
672574733275
346368546877
953457062012
552074094214
589467544785
152952156951
83513162921
479328300146
779010426288
526521372513
438248503398
123028884207
656554005318
711211283447
503548716873
585122944150
283128009869
463150116082
686990550380
907255560565
318028791502
15292767538
672740314776
