975528369592
847210461696
435960177062
773568761323
574979566885
493265404498
850200332759
417924511647
352905332407
638340646011
15552692148
899988594903
888977921065
599307581131
897003246836
823072376807
408195965347
846093848855
931564777178
84099346123
493487831847
749277226247
228139359243
898425978525
254460083579
203877506800
497305154332
983222462080
777810138937
492674406009
497645423949
995958614333
629281590902
615568757006
641654680594
768141101046
972275483797
743371782875
628793494113
24289498109
10747491847
761672110991
218898178158
313777178401
150775545223
179162117985
916856759526
725437982288
113586667266
440400782088
624477528044
963862585758
960443342440
537852955231
716217903
751396585252
548396225028
501190845236
14296448930
114994845004
895613297334
947057025098
101555144484
943266513274
963430177219
985389127620
163410464235
820692466602
573537487522
477277340563
240519586630
509380178997
46279925961
148847024995
512971884986
823985699628
774574561723
364517125296
704349755558
147235646971
787372424784
944412262684
407578437469
858220652686
901316452815
909641947920
549962890299
490576079641
141636834808
782157130512
973682302269
306601417440
714016380232
981572969709
840613097722
649134710341
438309312213
687925134767
368342040078
766037030169
