237074665023
903441123527
329473577832
142600519344
784516399458
956007376064
894646091399
159182350268
511556469579
720171908191
758185308659
387540609059
634679036845
633383464155
633357382653
655566463476
870294787055
389641974839
423671029989
496084145600
492226100284
953903121882
782476539617
529392047554
334785730611
355027539836
988209834426
497109710137
278498587544
63357373795
125648458719
491359943119
385439516901
336092022863
404089673402
218628484111
740131209020
954157209067
177154848855
825795942514
317322522827
177052722112
672847225816
614193498597
664155341287
219002430242
739742083292
12034055198
829409850184
857890054783
952290099351
495186844011
495206524024
350477889832
992195252667
684923260124
745255679832
747040013921
775598641235
222870055616
405038398626
118836292163
435318693450
465775502745
824904180671
156503567446
767974974500
170513135456
938291867633
512112313138
114683082454
901681301464
376612612320
598091607138
372025879894
708402209849
914921978529
870193937580
606057686298
646866667227
949612820514
695877004441
583610423494
753581607681
355925011300
26327036807
775132138255
30385976548
213137502403
334172697004
955634292214
710245011416
274950327478
177129119454
669584832621
913940768658
99170846869
810446015283
822577755945
198206848280
