417039709053
780734241234
876827537400
280716539208
983088085369
359929470863
676284499341
836580065694
754992123105
258107616817
108990682878
244692772830
636127171681
589186207963
704321421899
585028998617
509720916530
567827954164
663098473936
823341131381
102961648295
792130448106
28569345763
533813167338
442906228574
331812303106
8297666967
101544752596
216015629501
535703114904
235782954420
726410865191
731086340538
739152966408
476283315808
974918145978
685788214035
53019297349
939404974971
261522852965
483374162147
829869880679
863142325562
26778452205
481650584271
39449961509
455159341317
536076617743
998113989849
442308872257
304158337643
816513824922
854065098426
717156070774
314521538674
607799575411
868047634547
78967969820
36074387231
559832088727
609449245797
362695899592
346161783435
578032890624
680017652162
375192774737
428262286164
403705311233
531351823341
703048804593
501519950467
691057849685
303264451800
154835492805
998421124438
810736212440
327238109061
903857459528
924947743526
114801007601
24052334871
590108898457
314023830260
680860319378
761534626892
917114430547
241540343618
878373534192
626751263596
290469091768
224065438770
34169833885
24043259745
291818123642
710958461585
205863867977
976735258238
430970589727
751115939480
912666378152
