723060921547
831941865374
159005014348
516140131202
365857242639
692210911833
136426861813
498405394589
857778023918
19490312438
83299672864
266522933273
232141335657
911154044718
628878142329
83154535780
111674450439
528237253015
646965991378
461954496881
517224266229
493409086425
249618122883
189380161376
625123966265
902408677289
298123746609
189211172344
821499948394
544575017398
369149061910
875075370788
887258610035
891596524345
856073057992
386539049566
383303539375
457151117231
377106533639
22212510645
942895730562
111021208114
446261533081
582078026365
765267622590
213909620582
355025697611
796942836618
849244514437
458427510438
236309466657
237688624539
420028060965
283519366591
830903721790
182520718094
3131316900
180821960240
893996313769
194624515812
80014201477
99056772660
37430072276
361714337518
568155325036
192951628586
409981988369
919357657989
751197316977
199201870803
991562351849
728889049953
846143690502
604844261150
148545722052
541015517610
853822860493
723244818782
900733731201
966793961151
418132679403
751550686021
258291164868
965256547379
545075815085
358096087179
716445140296
177715625617
206625507471
50295531254
592989606994
966876457855
537368800363
559781234512
596921854325
985892193983
411692341333
486140438161
244454620713
565747083152
