651154779755
58140182346
892390620623
387878723888
462874364884
556480682824
419461521181
102814720998
705281365102
504928666097
764415894528
735182141671
515543156579
34222084426
976186602605
375844724772
658791079773
705667492019
197270579312
413362589258
350970976628
625243906424
807852704113
260989644656
647567530732
656829043293
320930910162
677888893181
679847481610
174850410399
512213809314
170574895397
333411083911
446197751328
540113339224
589711030368
258301792037
793396167953
906209314695
263394676678
2993265117
836717715722
11836994467
988280870248
755736144507
833712165434
138140847626
801166483255
272521030740
556410680602
155435779118
659578708315
697481367118
731879181038
415000685592
350810946464
271130811326
953851876632
509917540390
434406881068
699520534929
197623211745
452771176182
558553528738
53196307384
33819849836
985442065598
977033492422
161467395709
853691458930
365470483415
919504446430
202060569157
928252534750
857007969016
853938242014
570319116998
533965629522
994123199812
957637131445
494226741335
156414239507
458149467856
104971353780
673362216576
329442330944
657887838047
59545980563
251892469830
904954274449
822718081594
839069415321
48466585907
244715855113
52034918171
612675169650
492161757658
254996555195
804295377200
840767675018
