973095143496
390487516911
559211279365
770558749113
374337532732
499919987292
275026990523
646058345185
554220446368
907095689787
190366809434
336230865091
134438447716
639259615351
960763506446
874195641503
636118075531
867334024275
577214416229
148649659183
381653346491
308403193836
318272276660
158344761569
352466951997
569076359870
372343738521
51389379029
241363804392
397590329416
784443432716
856751769463
327484172002
896625144588
755597115625
84621911413
94331335255
859198863353
931880172815
393116718262
307692166687
156248755887
598495241985
470572727854
701805321801
544849008364
453336023021
128058530532
262016058169
577607420163
259092859167
432349384028
891240319094
387004656365
674819266411
447133037232
17826965684
856081011703
980908921819
644491532087
635565991709
365141234662
104675421231
603289338510
909751541625
894787197241
349778782184
621006819866
303635926948
415448936264
779036513360
538532509286
618044819477
157150560102
325642219894
595716918474
772252049239
596336966269
866922707277
761373110115
210451194803
466841592338
100633710035
413436468161
736603032680
992639612409
459455923652
398454435205
640717639300
194016801768
661677316145
169205386307
509895067486
26399760514
298946413087
896500751784
811154143703
308693392104
899356242199
245060648712
