43371857906
568424807935
134838072910
461067579234
233561970597
582883512546
658548658905
92999739747
118926621029
6418677000
895056778604
693814881032
544103062006
403906232991
443343933734
492811576434
646033211046
283017258192
369122639363
149433517135
135994359955
831911513519
719004465600
68763196748
195713871779
455610677365
444079359042
735444357484
976663552287
166934276624
655533432247
840658414952
39578752890
471285424213
578247815574
1710865414
247031313959
771837924793
985804250302
456878791117
426142196108
878428079925
901021356406
920157761211
135103532415
582634342928
505958427035
108741360480
196921640913
93210247425
398486537724
37936875561
157987542081
320381568166
395406443157
653612241561
939726590872
180373037394
853533529546
584431380088
986705155597
843251365505
995136818711
766204914999
235339878162
791796378273
384890295166
461624772416
390506189525
996083294858
596796898419
284038743124
312669078460
265863342326
544400592737
814235675716
560803496825
147464267949
306255442036
598123144307
344602337308
47322517554
981602186328
358388415620
595185212688
514012353249
352011636890
126034272175
468427515102
36526063986
35823392100
316459838823
351478096821
424876512702
679984306584
228854113251
468718882950
356678345587
181645958727
319462924676
