107766355602
804385540404
763334169551
639023029896
271735149322
731485400672
831427351070
262932021044
224075392682
247772910207
297628019332
673443979776
510143881681
730523540962
833177349071
437675582866
333873065232
807430006724
202272458577
668545174433
654605916331
678680412417
361425730031
654000998237
583758496418
456814664352
228121768008
413905084956
103262097878
566994414714
282726898141
627939254375
768680693283
914754985694
47022316466
285717579131
555900187099
130580144874
422657299940
858322378699
512574519567
93995405064
442139651304
481815518141
791728108980
972115371957
28325426545
323024914714
494315689475
772875593103
210097024653
194560129345
580357704981
325175180179
314092396442
526214552928
629635089979
32755733949
693100231743
802391581489
99494831169
750740668429
633534451837
124424939691
567992191121
426419475211
905075885321
851526249041
731511839123
782482955463
806142280584
993798021949
59084975176
43971139548
467519221316
268382403747
509121426035
926806579545
723628196204
835833957097
426407719862
996473034013
996243990455
765989003639
624894744143
903298931313
493941111424
27891367368
519995351865
300874303834
225178148839
565031168475
405354460639
823856749547
26390736687
871681390408
903874696011
369933033502
745875682373
837601010105
