172404740470
281379571923
72376226453
962237937410
600769842468
161251414243
311097074693
483971874288
289720756016
715733545220
609984595555
996890819393
697841693572
686169140152
777010428764
14926902403
534179379921
346874945750
461546302174
128675681232
380055232281
470797156131
343904829085
144492563870
921606048772
385514312658
141975342153
832915036199
632709404954
714025688079
37403533687
4649557139
712706807702
20500114780
170963618899
500904168124
841196841397
91423997608
100179032763
817937107325
345561298388
221787512999
34711727223
500310676034
141577584888
491705875174
948326835713
136208441551
487295612078
137985697293
76786043713
386347150009
471999067735
976108871152
276141526582
101271527875
471233610496
452251116171
619131871073
923098388604
886278196664
295571309856
194188970679
301181868574
197075725778
317214389031
798925156472
357661574348
958458490752
969874264384
785800043830
361567006658
793735733631
308116018769
428027446092
148443470771
831203032722
960778423397
720621869210
365435408705
41531135857
297987159246
253428541761
322404214625
210454055445
582600491716
364160418222
754875134233
602377375354
971179304793
82172539268
232082403795
790479788886
487204167483
928638786121
317164275449
450123710193
629858750985
412915611066
117955854883
