614468904580
214457101635
333542562475
443196611465
354097872680
226583335098
186794605776
774240414796
691577527438
110981572218
126787416476
395443379601
874625290914
382984981229
932166098936
854628035455
72510689292
263044498938
410638510326
915291597588
51441764869
1120487437
580861730784
190349032616
315433928828
46522095238
129171008691
944970923222
765356510190
937377720540
110627693617
985870863340
367358405619
73602207062
941070138373
239579987145
587322283873
520456705162
509236209209
228227373531
622168787020
283130351591
795677500576
169216503136
347194532097
478008817521
669811492582
841983116090
115250618294
931341187543
73578464056
622415759668
328515116375
49459344719
67236103915
172915100916
14831779095
558523708569
971692239596
327066132704
334639958206
502241987616
180248194214
511039732444
734120225132
10688739198
825361228431
227954299859
220646304432
576163450263
645860122002
949124982706
836229584680
923017191263
297005017542
79491551854
271732061338
765025179997
479103257305
795678801409
588611511260
617097697303
524081450876
225970749488
163344389843
979921342163
977346564033
606674058522
502320394608
945597853707
996195467262
796873708808
291859103140
525925949223
827264385829
115471952801
94051609379
606769534617
776369107220
272759102917
