459704219767
325265841664
538858558497
528536120710
798755611435
324171558296
114546876092
416467279516
26476634982
543551917579
733731973504
129437315170
610452766875
383366051860
615316452225
568266555169
313997661836
872746414281
602795747734
716128889316
172058678782
9438365591
537885595524
948669836724
814451009625
239574791220
307261429086
233317040525
48371742759
118476177820
269980309817
951997037790
679837804390
558920221917
769503003906
262918391716
50060563001
114658444567
888313799608
393962567767
905990491523
319628730684
259319029028
94482538499
290094427488
390196685142
110142115786
884768530934
239281491744
229114464106
31253981400
131668056643
232459291213
9158097647
253903546782
171470854888
625134923800
988846932411
939674849830
204057311449
333365097358
305399585520
258583944338
625109399467
299547175844
706910398847
554903261203
398253290563
530859946744
960644121474
882510099736
329460963672
6043804380
833070492262
344409823892
470188755674
233001740645
240529307761
375869168280
835474649575
210396678858
896530440157
419935611084
188747374916
416138536611
910730233090
392303772698
121950712457
618871476249
840141527837
154191207297
65462917091
825065305692
359202285974
872607078241
671957124540
720134671696
558818247550
308135640834
114490856403
