983872498683
675107365486
583527459248
310303099938
662727905964
56055926880
525348824907
489989633175
275950885602
822254793218
739187782986
71364075336
845686123410
20261031715
660840076588
988949060838
259597297481
446733355659
708169043669
697143117799
631433182625
899160799462
136947100818
208408880201
22815269116
535130948527
165686160953
625737352624
240141300626
691050217200
304194323404
124062387763
689692575775
694074095396
981885200662
566203796447
328578261869
678217077007
584760213341
224925338173
276500351246
596033763930
223051675766
862466441461
29111149480
717670972919
161553214817
161059734922
988498982622
65624564288
317663942972
831319759035
970785342475
606171098607
292468518302
538896157549
322590648099
485675172394
214930756688
36368425378
902622277833
897588128186
363853300966
958033695568
152232343754
329494835215
875806109394
996821664915
659139765927
952185213032
541214713288
302639578390
770191369128
862750462859
311677610860
722349068251
57605398051
912068513640
872238491202
425317881718
949601055639
316750730016
998026957919
225730102361
437345268414
751036340596
490738142389
496499789918
338436680240
350768915034
5650009043
983393682861
13758772023
238367370193
715404873117
869998352579
264569646755
716660755960
961984026157
332383364952
