90636894432
854683994901
925213263603
772426130134
729933485011
973808875154
679576578056
337744053711
487565565548
576710551525
241988041446
674239877798
30572928777
132447772465
375406109204
252416132531
986590533890
840239051842
163562284582
922018945497
82571779186
866157881841
863266785478
512445082446
444004660989
177555158679
793737293918
582951729200
997383077260
41405615869
176746249892
424936506486
247115940351
230211156339
249364557358
313776622656
114125768168
325563684984
270200155630
989579385888
837630782388
97148603869
864865890673
124273812165
67676948252
371231185641
362704785683
607536647983
478072573449
335178968551
392627915646
306034714795
331604577575
481753301724
467594585255
661981116575
81725470596
26778744120
850061554755
814379295759
54604562256
190034995418
505666730076
461936838617
23320309834
90982580100
357629584198
457613739053
769519447117
76549719923
623532794736
467717763108
376186101822
134531467106
818932618150
299705456501
348450652277
723157880268
608918176237
792096797598
424879221835
509195311167
646088047265
793225675145
723266139660
280109077976
656319254588
278171701783
584747752321
949340340112
168194749134
242814426626
487060438598
563373991218
760895668915
266977456678
670717735907
707551368105
748521040859
741405946303
