321375227589
305706997367
210644171446
93837307510
797011813288
475266773939
332313711981
841420434858
426877754839
894847270813
902322140523
993753903797
261747681928
285470019753
399315573044
244772539559
612107296969
696126002911
733858296252
701017316038
900224819706
520991101848
646123186048
768881634351
468939458925
181346564849
666020715026
278725401650
788771964568
738437515342
653537153198
414280973167
183713008297
493277314712
486962925956
484017125142
631884008115
18513046597
567885104260
892592351228
28805362488
195530190851
702836999937
768404210204
123117374702
420607069823
904657455197
570049238648
123304915963
763497942399
979546786255
221329773982
224916770935
389755743253
68916403861
493519800836
771326925377
290134595087
226335851628
482887781726
990003535297
942845306801
978047750687
177682148371
247142628308
508009389632
559618275196
613804405401
382306962085
742023047680
3223530667
344585173341
60434759352
907610762291
922279011581
658448612170
566418470869
160492754563
980929360491
765790035684
263993144427
748374659095
153411458033
458433646766
948151513814
68361981565
777543331768
393911059976
559439799792
690314234753
225568208450
776406014882
376725663865
463097101752
777720819980
646808249468
338162734395
70896358413
712976511460
964301502723
