474864314908
57053088748
172179568614
416856333919
636064526984
518857702542
838913630023
530071054049
997822115156
976455955739
254932981595
743707991310
675493811112
905663996996
590448360813
748185388450
374448888956
404524299811
417437442171
841030065112
753483452279
574668049876
382619653432
652775888182
354302069539
749068433365
470187827681
881968230627
894791134605
68262604156
127506511493
891041662203
65515217408
690967970007
989767774522
314625582671
709277887040
765942693638
893649887487
139507943273
716419926058
659517676590
39555927552
837382453465
22335738602
226716661823
918329224340
369791351298
55306452328
79902231773
981169026651
592337235990
932187094362
182555763833
482912577416
286906700425
944014792720
302158186438
578538006255
855074725545
322187522659
321537582213
808675667451
20655423769
416216143774
685635332933
978242324038
190981029561
96349055497
158290715938
55847600222
399177404930
115177861840
978804499303
326884695656
17271918753
526698054746
11673319473
894222958185
425968395041
599026724346
461485623378
394036508755
673069024475
417193794174
392455776989
335322751278
505559799113
344162408599
265287524959
996016771900
59142915700
824076135292
409645881042
7321052508
717563235966
746251135693
414274496961
550082280179
988638954756
