793417907114
495459347667
517851076050
705510903342
138379833142
997978753506
731561048174
603253940278
812114515383
29433264934
507777053707
780075644730
88416370323
417578116645
913683484576
480431849517
113319921931
556485646279
68067489951
895954375844
326771470733
259563178096
339757421239
398437184813
685168835421
210532166199
759388477189
739238799816
400600004753
980401051094
82117459646
649909300683
136816673901
248410954783
769949571038
406533162489
259093555575
479075142980
965826309111
972932455640
349688756078
350804838487
755803320525
538294694290
267365967781
469646453386
339236911096
531732736645
234763771430
756198501840
801381454791
709798845788
508312435399
804636210811
235266232146
663673882879
673572282929
576691431894
782080159229
586861160052
404569541943
527759092324
67404590399
637615574522
364981470590
169145883828
31452441314
985457391379
841687135629
703053108455
483754580665
592629006673
803037755568
929416515458
975709786708
29261707867
173969591718
743837781920
520659013774
455789896164
128261209330
597648084405
749918574790
919808070851
167417277189
554726291866
553929072985
695079274621
444822231875
257068721541
482926606161
235273691095
933208440208
122170039329
731044964011
372927897165
210766316122
991488280919
152668588263
904490055391
