773383960102
985238993512
450569603978
456059435990
851977017456
807571583481
360078232482
119549119113
56168137101
879640753089
616657636069
828959335202
198657996236
770343438755
745339083811
18030084500
594674430186
772533094212
827227492917
572677147492
60360244548
757132818372
526415190609
934440644022
919102180630
34590953915
754571779414
823539883330
319495681165
113518505904
873181163614
211294592262
5323780316
623720279375
119495615779
855732214052
353127521565
411225066864
736369533586
105991615353
881054138743
782593182003
874349556823
620589101856
297799880613
92353213467
915591711027
339523426579
28338458490
787964846285
72539111568
478664214627
741032141264
825651260183
841456846291
346677421054
904047582449
355215074788
232424924896
463114031699
463132544472
335990916036
483047215324
618725228030
199428559171
556978646238
772583311821
106281713563
525805038835
489776219741
237398453662
654122025263
761412441617
639407282710
408991551775
887204723471
573917524027
672821425965
849166956719
80695553640
561912709814
278124302006
554790539352
717144328493
671705181409
500737118193
61564168479
425347872957
577529934249
903488690728
750787203144
546014567670
251406079528
478194630147
492886346127
520159362431
692929821767
848269542978
352759004147
553895471378
