10768099560
486116606965
665252340209
867795841748
628135868078
238507576586
411093226339
265219336713
969772663311
205542994041
518224321589
792334634791
906164897825
118421302072
302857437686
313552359547
256959300337
597701745026
417153769831
594618014198
749339786837
155112950386
945969976077
181047411779
20420215605
567240173239
533790547051
914572906073
385393292530
674458230981
619423389656
848003848392
267055519245
917292668503
803405886566
499635706378
84932758497
591386019857
887736231399
973274752513
570958742286
359862232587
530050994991
685853057748
206460306155
313916516981
844543673432
233426215536
970494599004
59489948909
345069627301
368658699236
75952384228
21184470156
362171956429
904827646358
901133959677
591408157924
462380020773
317986412410
696782865795
891830258125
91829214925
648902425913
932666000271
642948145725
935060228525
585285633187
473867183994
867770821730
892934937177
210557709817
181078981595
43944341864
110497356044
109504281594
816405349399
370082165436
7175745379
318266143161
551888406614
710663434386
796729040805
810675164145
69770893145
877915374522
411180867903
755675652290
229557153832
575826523230
433766609155
31568698050
614290527864
910222352342
54374416434
525223622680
336531924965
787957828806
72413320618
278190206332
