803162344565
233651261862
102188362989
105929242626
397423569679
811947065483
750781061175
6111338530
924896341813
183819925907
464994594697
45422240510
269138362081
792329618312
142865449016
253061612043
197631734648
323203009838
154642466450
622000934141
407806703098
306179611123
329936851848
786135362621
767184930920
929518189130
798570087366
806082887588
606583650966
351861098424
615189320436
989172608881
883873993291
240065639649
41309231845
786888254520
82016735916
757293126863
854048360014
544563651336
113436711576
524534486272
351606327398
226673791936
955420268381
44038787230
926170633814
519395972962
17945110424
966874772063
283693401938
529937231924
945025638641
621544077201
527954195798
333146500214
604566377511
824791543579
144453139425
173512818990
230880852288
888962557967
577478733048
749156437976
922236643073
335744630084
568175298276
55317190416
784317994157
363035988869
864358560346
904038862384
688738207408
509631145839
482910370622
672929632698
149234029729
229045627127
153453553275
445399161454
593094484656
245401557356
276638271249
129082889325
995822987460
343563201278
232457105492
817884004047
822331726060
581294187187
122282963124
388875285465
453809961204
775068764260
842960198319
714102251248
713105847175
429411403986
650014012141
583793865923
