436374880591
633107440447
305867398318
53191820735
786474036314
846652923688
992400526984
288108957786
576569795395
791297453637
374877071091
484278964952
202150132876
96768187364
436860840614
981128161164
723601689428
993078018217
992311879138
679776111305
731521982487
504290910552
805311795633
647890631468
82428401503
482999605667
538605556135
946244381210
484735094674
402536134324
71648968244
725684288901
989924409064
217716595319
827395975950
565579698305
294022921060
306641294189
373649652855
692350069371
592916413258
270747803840
96481012056
20460867054
73492626172
687311557364
370267593623
76838812787
468314290146
189143623445
863687213273
30784966965
961727198317
908101624643
983874440877
19525859218
738863360468
969738790601
303511445005
705062604659
350614021125
471485456422
85121085043
596770703283
868558805958
950725263162
237820955149
37291819498
296251239985
404005422801
158446492587
38886633507
345900275116
887249172227
377752133038
201734675359
557962898343
488950467854
206504357779
609230072171
176236274828
796895067458
325398042807
380502972347
217610329899
558576485310
338630952046
407732289070
510185851104
62402052953
394161326457
209887725099
322465578266
502546773361
773190757991
835695471935
309489282368
524665684883
307274770542
726110536674
