924780049650
692040643540
7967904852
976282445837
17210625291
247341290830
96933986945
594972832293
505796378122
886913436777
222773240505
623211725784
134656461243
777557882972
468124901341
540257250803
97810580091
613777763677
104472735886
905608847003
724891388453
413457983178
236513384174
487599015312
378757269889
345670158822
573955615815
35015249483
51674766840
971852813838
408221700953
495307017158
763262482437
313513843351
369250924293
14628781830
881336269920
230966668944
858386240068
872383712247
47553923321
684213520999
151647978427
673349774260
748340147518
906397326455
718279516617
236401888195
286568914794
366281054318
230938910328
188259956843
154658358926
580931757046
657416828000
265924146509
15360154470
379703871726
311614474235
435695430521
996551728618
874560231552
775934618454
347225623422
502142254
410249287845
840060045602
97451627374
370913964521
378471772924
481295826325
197011582369
76184208611
341148743908
315763360777
988827880498
269010060232
608147582020
714944874849
228820955909
80560945611
204848110386
698959480118
271716459174
892363522642
78619106394
880955992887
914438058648
489559003132
91129775039
713009112677
88131983551
572563092885
330402565329
42656497322
135641593042
850037638673
190963124675
52444610881
172255847283
