975762653628
739686197370
181142633469
168931303883
645543715159
352034733759
171062487800
842217020295
382931428478
192840594439
70513423906
955878728330
448840131229
388272198646
307968790675
430877937100
311613316324
910058704360
290297837916
235737941053
178670015759
73695535231
734311694244
193732687286
124833462141
754789254802
186226862617
794637991845
269962923705
514727267559
760189946036
178074558425
804656337103
101606579485
57453626598
370732622955
562107096670
214626451703
966657100303
713920274188
740079667937
371544613509
534391014285
92946828479
437991983843
233687910355
99200266139
677087942556
952536682504
344636328261
506851108202
346436644389
138783714253
122281105392
235386470123
18792965653
394188714566
613719047994
466558654784
940734665543
503092618405
558518707530
674959119932
710412097756
157235821829
515395826978
888693611887
787250624280
544733370628
649710461548
597641925790
116202643917
376568860251
381586729222
403455318331
213384360697
151051534995
777884004992
466155077935
751450008183
846252362415
700521430314
563185850641
309141532201
831508536438
312418856617
351175075034
896763256064
910375183431
870966573508
379119769489
50922970467
561198274997
428888002730
449740459676
469887096990
53658241086
272791441549
478426625151
27862325916
