790529785268
596781708330
959357598792
181915931158
443040672726
256993480516
408722514734
30190424393
678871375368
73024884466
695754107736
816680909274
549710536590
914500791589
175078409787
394487861467
208033171513
741244565376
256551754478
687619037106
922292801887
135131745294
348102542500
309507509756
276819135127
451294264921
649555364139
79093586784
883042336622
159459437751
165776928101
10705683360
811514708790
401417015971
154027247922
169037804817
542908768281
926193322838
487018748465
150025058500
273280552620
311306527108
883218029608
71544721128
629177337968
921213940882
495650145677
622954396961
162712095922
748199593075
911841196294
2754071098
771361260230
25744773431
954944366962
999687974031
276329998469
948991094785
13577849271
525453527734
113428550068
882872227728
953148644824
346130546680
677241461193
50942640753
764861558100
262747579191
67580501929
673683646924
980433817161
377597695933
965513513837
675520991203
777172859208
271804218183
206473692662
519960892070
228599546089
458268011493
281578715168
115163793096
594790735256
826730561179
674031051992
881630524965
414445995163
743872848274
459908785346
643067412633
697241287711
83474681891
4018299693
377745471028
706739411319
302660605466
689266011543
334127518436
76391770873
404651963519
