562624861833
834159288702
963617393399
940171295019
324461652723
516004394301
161418468920
871433818070
840470497160
397514706973
969798797875
22053021156
228683929989
316758019571
241033593322
104275204015
463379818482
428659896438
421241814879
727642467685
248647323161
281601680259
168069456757
570443827350
37175744741
193549597237
557593604847
305509525715
790023773044
667784236397
641380795283
570966742638
125742128213
27606031564
897338552758
775676970481
81358998480
158263761886
293310939665
354047986390
356581095005
543357538740
238809072658
592887947103
23452748406
258489276703
404281574142
227570983380
356347380578
944431081033
346532312399
397144577508
997415807266
13653010880
904649260950
944814124706
649445938082
993388844615
826053517765
632754760409
455693240088
927580611541
683416744916
7284487212
742074794253
340303618046
594421284951
545823788509
260571522733
549631459520
915863976727
674772217591
926477027944
748653107994
174825369800
447412295725
464115587366
625560209487
967256331512
329237528204
124884167418
283952300811
190984376342
723000874731
968398377499
700075721283
779937691815
297145688133
615205788026
654689791128
105448021810
708016251557
764050845956
414155414673
39152449281
645084407717
701277847346
799400998034
219865341759
712007987060
