384148810597
79776606103
54826212210
226961521694
826422955353
84494216080
383366510538
539452240505
6457604689
15971369396
248982718549
883119825532
936054731938
341301136771
709202898425
744667793582
841516571166
472449925390
524299220408
412428986731
926753363291
425568122441
426790486201
458181551262
648357903711
833166475558
277560277787
921880168458
210231141164
272554869988
208163465700
881344076725
116839989311
622690742466
241485395683
124266759167
705522496958
464846256948
426390937480
558533978857
208375376696
283075435972
121546499060
679619232062
341156347535
496295675328
854975959666
429198928159
604830295225
884361003627
793571609618
535371848012
153077212510
215434272323
391508546976
817663662032
425090493794
28283817034
405085924161
457158796166
511795484954
278840868601
926387142019
124395395446
561560502033
865873113764
350747181532
461404970983
750845709034
249851382102
827110050587
862985430922
375118292649
477996113412
423637948747
484741342715
585006589275
505470057282
963165657524
965747902046
712002058680
400493838374
521802060711
659964191648
195473340453
867402911474
151262913629
76116987031
421225028383
369081923218
938305133373
848401684384
264137583005
149737610490
74178412329
392235052561
974525700230
531181236026
232373559147
383622338185
