229316457355
712941638892
610936598694
913702628639
300274999334
964177996767
115609232083
478570144923
291013883955
276840552422
590137200543
525948354850
652791826764
550351465665
576120847796
87877231563
880314216346
733871972386
241345058456
865335396840
982414855984
770112121566
671895894868
982831317217
896485149189
574624374522
387550038817
994443164163
139791397682
545241754334
303715060751
401745059278
278922855312
73828024768
837678351655
456149803293
484310442448
611528013571
276411232289
335153505679
635649697704
67706660775
654646927519
733593336642
828701520689
869148812974
5203994784
491773289993
230786801588
29766739907
556337442763
496016740297
759661280031
465534241717
237970189343
298477300735
686384453306
966321988937
532516084236
318037896244
189424175370
529108370177
905171139391
535403912459
725976444209
114601939011
339405507485
304133279243
703315631753
184987048871
112583021024
681493429243
829005491708
661545085459
593156670442
164761861185
796516778976
325239971176
538173036934
327433564101
739353015055
137821004304
649706903001
96422090918
8473193317
907014895921
522777050507
722489849150
570068195346
216419392351
6735539765
118094768231
380290629351
609375148473
532393266367
868069588969
115165277454
57135211087
991695454942
286983912050
