33718951711
934791541840
23092266890
729567912541
625855192998
228848894127
568698564658
323561171939
614029124267
695580543515
946898937038
629147362320
761521447363
955261015429
973620279666
971274257934
49340520866
506400468888
635016936937
520743258323
854139353392
800740854933
21997626886
735082815497
245455145010
599173259807
21680704626
931453060687
503851809196
473199234647
563914162807
267185901309
369890875219
902028546377
140445325370
675482570607
565428150131
360951107939
104165254626
577543299552
122085490381
589045333878
512417481260
847129309208
962891286467
278430184272
841687890097
356829253594
178568610592
112392162689
575802640299
357389614663
847297786638
673594051030
328957331002
844434616305
39357398586
632692917134
27211539676
758605781119
887904641589
414846407544
465168215342
345926546857
870086825530
732294999751
387098784590
335151448439
113394320995
196942194409
426368204649
978344728767
9669279976
704193486560
49107819858
114403511297
710562137069
403571127399
79742215493
995296790646
597946769300
914254353788
786998940559
73923530822
562220948935
655571482207
951930600301
837093805177
536924177499
714116858750
917782118469
220245793777
745669308949
509206479694
745334384238
276037188647
905100596783
7787092401
510991351508
694300236239
