211423096675
652291270166
641991584410
718508065913
684664783218
458765440424
849294982086
754883543115
45095141029
504767287851
439107085501
446111964922
434998499023
399087088159
781727822854
627496379564
232559637928
290648941193
91195056278
228326515443
492799679162
402314625079
64459796739
674489967301
522808995331
697889425660
671043991831
35126062504
92417323513
422008839241
234666224767
365393062407
304482447173
788391042151
83565407594
312507001843
145335746468
280133545697
829738025832
309309395700
466975060236
581978422870
787268400273
167974931726
319099877176
736594466036
928998158502
207856152174
578411171971
889989641341
851575128758
980398697
321913240103
153513476686
349825433878
471210468578
490833606762
721792861753
462794820458
297696453994
232216719995
976371561834
935386652563
39140617612
20033884890
337040343199
859354364809
583124775968
7537196842
866772808736
858337060878
264672735061
347159595299
805199174718
231400454957
953858946463
832797216338
24379754583
560006348350
754859131713
439228623683
202108757868
282194553176
441475886041
829894277129
535604513786
884054352328
709881169969
223772461466
818594327773
325311301698
533305575232
16230916981
775952617236
432187266725
74262956808
84916625409
384855189381
305598301667
694083134202
