413401975283
291564251844
318354444136
424826477604
82012231883
818445198662
200397018368
948351737332
573566241671
564501439468
862259411375
716189264413
641883350870
835431016788
392014198570
376351715841
225640365381
183419483129
975062948538
201433242936
14595784427
432090571796
716635372175
86489345266
704396951447
278351838892
294812173088
715355561057
698989957461
945227947439
562194675303
23696950360
25746539292
517777564341
785650217725
706232567383
376007312595
616231685855
637495955094
510920192742
777877126628
391623607269
426679754361
289328975651
361196375266
258715741524
447230646121
869976120817
901837682790
600407347853
176389420485
69980522738
577096027298
996872320324
711034852014
653180336888
923609289030
416821105861
198170579983
26207901870
980429640523
462323635879
617319051664
528376328875
869299498974
347361564537
15465412381
857504388099
738697290374
241456690054
726580889601
391208748684
631437852120
291453949905
489610323532
362779340326
985134549239
760075392528
612747313397
200402661615
484038590939
667290030724
563122136969
423053228102
411671843468
616889407195
107059700006
525884475676
271343542508
374666330374
581993346276
80467827407
57386166856
738211856983
312174611881
788822728573
630154346047
329761321703
821993719490
822725291825
