894948423435
722958097539
74978394281
941851094177
464010324920
771416698753
27301819639
658298422342
348166570865
406772957737
842009027609
426475392720
895542651110
478096660449
579509921639
944605615981
184018358966
277456412724
236191971868
887572201994
213579630960
72799712107
735792153731
938107670834
833210533947
825468017392
698300896266
276343533097
734906696820
222033085265
645175202083
963033714694
978970927313
484095844422
504519693857
40084203893
530146715332
565587044611
13252794370
866733919364
196560330180
118290540341
400674938039
940855705055
258758669690
813157961735
982147244838
292607145875
96693053749
702755850498
463923020348
900168710700
932169694730
887103825898
705337897227
663707503599
531722319707
700537494864
34649351615
562756417736
62580387996
159951655497
161102780144
511670529039
898804841209
492463756659
968279999894
558265433129
912775983189
329629551248
800731246091
434336672254
936099831860
465335749128
82486204112
540841174827
18485817574
680041148513
234130284729
997706101891
787072616892
635159395619
543626750677
938106042
542162946999
773347052578
522837134851
412159028446
692050425922
350834116416
882223907584
945175184272
778323171170
64332752970
68840423447
851835859217
733938723332
949246471751
988416490229
545934327546
