609334062050
914000356000
109588656121
229629531648
127461612289
848568629180
22601176550
885552347479
603168808156
939521522054
271276802353
780444701360
96538656255
70766045671
272841198552
710253581453
467490456261
471387610459
425159215025
130998472790
424191524469
227408483376
887063415866
949562462319
409565258648
630115184598
323390091128
705522524897
776260247206
349292623871
991549486421
878203582395
927857108819
976123956921
765653199099
254801286709
333573041820
799703175139
679502308446
588844091618
533334262898
727223135415
199844150541
895764431771
379074610945
206191932481
241839757653
176216282107
439918528258
571792970111
585014630513
469405661607
12530415460
667773972908
984790690977
155088388598
336956028442
588082597623
481356990755
350078287284
417141234562
699794255726
369160658939
742723320688
787780296019
229476939305
332137106141
333446972900
245504419485
702315706920
672688969403
288301690404
94033213628
325307691765
906600656560
492335724993
248921918870
601054729316
994277170383
733028757095
342298627274
436233170838
26137389692
346404393597
843594066789
538641168399
612253757002
201878769893
779541314296
503017002424
869928191482
456600774419
597562768324
6703707332
57404893539
117657872757
756752519503
224344252145
721037694336
40458617259
