692488337363
853544826366
701912997805
192446301275
591211652657
668295761452
909852633555
160220282693
120837036913
942500058560
458928786700
542542551922
129466883581
214714565623
117303719701
512464947467
487510539900
336505320116
698304882513
477120201680
952697573939
720769183664
261265238919
865755398694
128930093813
755369721939
56568699913
108085604673
123099291527
112619983765
541398682908
884552190119
367870170015
534864186461
62849555266
124381117553
22921327976
959231569373
758587157139
20444694399
592427619185
406020482127
94993129702
218312396699
387757878000
235987705311
205990694397
839742879910
835906191649
515781364156
245155242003
913606526876
354388924100
739224312141
800945135119
859467125302
347675742633
565015275589
173944575226
37196699073
244220586784
775578490200
243220561115
316410727083
219569943543
149908702467
402529671422
431923452349
763522168148
298736207900
962520479324
860826055694
268580023623
640488285647
942379948751
392635007988
370290577407
140909477987
46318822277
337531692323
348442623668
214256417363
696406461389
68238189514
464119677608
333126107054
129848575168
172927651647
598876244787
686178525918
252364045369
88483685821
368249158623
665252810220
773957686788
962203113643
32775401657
71507870578
921410863405
628207223333
