293554147622
869159312721
822335311831
115544873284
77727488769
549579430015
913350436266
797227721506
139235516704
183508346703
983241212282
79535705660
119754307018
434831690651
587424343271
735079857589
452773116087
421084428406
932133935889
107276940698
183363945506
725025857240
977795845108
421132430097
589437448649
213728104776
720749853297
734115085922
5468936301
230185996169
637637300397
149380425956
739782689522
114040395487
455496468455
572418164202
29305032351
885370673348
556010594174
596278199100
407961422876
627716907922
676976505784
74651664833
442021092917
74819515678
135561970471
834584282119
643565523009
770088276416
721423468763
833572345678
390472233001
495416622053
588479965963
820294935241
496447514882
619312425781
53172996806
501646057486
180077326989
157080579491
318915646290
270822897187
550532356160
265599423143
720509894806
401847991572
584085380842
965626119837
889341766912
211381651857
639053380372
463281145419
980189889327
483929567412
945730701780
533523522207
533919348671
342238118525
276301999196
408642499799
782101830566
949549775074
20723389818
278658580367
162514117322
221003635256
210223598405
897421086746
314356988091
360870734069
903629327344
826580585403
676571985536
498521003947
699045356562
458072286419
67005838972
579204994593
