917512830077
407140805610
153028040319
743938594505
921931769626
578548417518
634525204349
495980691724
931839511838
186764664075
155680068397
155897110373
39301364174
556230171810
939699137858
657237405124
194162285489
763003973046
778752027696
903624227133
355068566262
250343113726
786112066956
356603934731
736914768322
670617806017
297488644174
118685761131
337823792797
147209918756
587113104782
867917302704
752504941316
45326652047
660145348105
974144840476
270980116192
241524657310
332038695545
867803858923
816710739534
920883112534
644600314810
852336151584
213740445815
511907335119
22170051954
410603967287
378402962868
596583482987
997030446972
746960131198
451504390929
127917819261
916214628182
47824525510
240921846555
852359775289
562352111226
155970697338
928350820052
704735542883
523065379647
965160064725
232578955262
588035625405
746470959689
269494944661
390280969159
382125426586
98962127237
597605234552
921855181145
500225867945
288284461958
879432148789
406697224966
546741194886
354503868830
1474950476
478844389789
387389747012
14808836594
211589375467
962600111536
300594971548
46996057058
376137614760
641660652006
878929617575
2510641431
761454807486
914237413746
36869939454
253894264020
287236395335
815087660844
583847749004
268120757117
357186514068
