679654179128
378889776166
945276437419
815253630327
514388324791
950450005928
766694129235
731036326637
712500850262
74008778506
435514444720
657392384310
529555317717
888771563964
619795819588
81163022835
131844594544
423045223849
48933830238
41019451458
264840880326
915099552138
114843608185
990598933806
659115181374
55704600935
475957473435
263236972119
224556304773
917388304662
324657100985
238837421485
12517884371
290294647281
102095663426
644275977979
189221351391
70468857612
686391348544
104584761067
174590147403
982232468106
634983014892
162316084472
53071398933
771790877936
165914345462
138272819118
899148981278
476116863742
480164392758
58165945307
540059992014
21819798178
327873388838
426636700082
45461002970
203933481679
742541587565
612983587903
641928336066
366395715414
404561042787
903217972564
642597643640
463033898944
342989893976
789440444524
808763415424
190589353965
656647352796
271592998606
803150297662
495721075279
130383815032
71572159515
706029015985
392267874489
427817974364
858742420081
418598870788
601895561561
682759127082
940882783319
7047246016
418075780171
421428181654
235806935582
261158341185
978293904753
167390433559
266500525866
453661686574
413749039696
843068094579
511729090146
484371719314
459369550031
829334868902
604833300443
