352770432062
723838372331
548462713121
838459469776
946746622679
331762719447
341355110074
75707944491
600087418460
503888214259
209386625712
20568974100
771923559218
147137545519
402740718071
384077420234
274357665541
241799269093
754970321177
47811219200
577596340177
411837161677
978462343852
394866288023
655140063969
523542201002
268031730946
900413221056
621131274344
401822312662
397411988342
768802769800
904229139951
610379486113
287691514788
354064997364
249960253294
345972090953
813962836022
507777035270
746090313157
637260039014
218760566089
426183198621
685071299993
189381506551
398562991523
931912084497
502532125244
505563983464
937060637942
505322982185
443206855619
105469884778
274643730160
656538152949
275118033408
96889953762
408067973949
839389225576
413428341955
189303758978
933249714285
201222033760
906435866978
554227476494
58360322136
302500203912
441346404517
396777739046
306445885629
646756845031
901507821771
82908074458
501810712503
58349914018
687793425542
67686184235
828274363934
118874460945
348685722853
335431845186
628786594776
143366425292
573021045876
696613216023
873181331961
450780117651
397278791973
897259282938
279881890028
653206463026
581348291188
320487538166
997911434293
253226889175
359603646490
912700793348
407260346031
602176945709
