671318285360
305135756269
728096769596
138751960957
498201211438
17186411643
532565479958
788075483663
188282697520
570898581079
597734320631
967359622742
286295545254
908879938244
45988380232
175930214209
619997648475
819284161335
510672523891
961217034555
311094232985
563894300210
887278799484
727670141059
461367880932
275264266348
218254094
413245607010
562344500849
212950875939
460484896917
917344017757
60452165653
672633047946
416181762458
144456788964
551166053009
556958075759
787544862918
181862368480
115716153118
145536416628
384969583865
450461013602
585521221010
184270345572
615771371188
909959562174
863367330308
40908830395
370136032610
869784328397
311651759292
991954172290
70912944986
889499422488
686592451466
301108507305
788914811416
900576697613
839939581576
888308810656
941075655808
539010345587
2443796850
780836673056
836225784570
669026185344
247099531063
753021926652
811400479861
233418941434
486478313457
329258240921
764875824453
734451984743
499489193313
631354066105
678618635906
529260248693
563355043835
841971510452
329191592473
29948125223
180817047499
148599857553
111335821518
959386113613
152613049029
879485929077
946629693622
810674086437
644845701433
126032488288
542234892239
704190417925
427116427477
174534610265
297545633544
473946929788
