964115838053
770106644327
750537983509
628416289216
803942411203
669971072460
922321271618
929052993984
869279145840
552427180580
905530082976
572146337210
610026143247
44788118050
317795651943
642509147981
841177561967
268179553754
670832467270
57948256298
594298890152
546770380922
324646695143
698952216661
874523526438
915646331266
667508954821
956183241651
762398296222
414427998025
850393596068
413672076826
474328104874
779780120643
979591531639
841271177379
30972983312
289729655953
254251991131
152848554811
303196898939
950606754961
366799546290
395485830689
839395447809
127397316800
922485050114
207052613588
199836756944
598684232672
265831729166
732718619945
636783717078
65831384766
350829197367
386752165255
6598336419
245795164144
435358604834
918642293124
328350680446
566096356617
234775993838
802132977456
958537438538
358095459822
14153403103
799028798371
867291061864
219050956682
164175979952
150404186231
501876081068
638369675330
957445646164
681898281923
555670117335
930378350457
432098365090
986416824927
172265852181
555389319431
948658524260
767901342829
782653859625
647958895147
37355546837
12973726785
813476840589
915797824078
905132271650
51055152889
67283104929
234009603143
858738377113
403322726056
106059822348
434998948672
873222880105
537823259790
