248440785689
443330692352
987003999478
52574119343
665283862347
523327489410
474407670908
839601719683
793911733093
578020752025
786112297049
69153943655
284431865095
126654732855
789555717549
501618472315
745481251101
800030822299
46496803153
6832521151
923008389510
405293436851
249089936898
920071397285
352879668261
24944792563
780448772097
117431393097
393603781161
926875422884
663655834912
181322430842
294693391465
396633000910
193706379961
530850055510
60534590641
354362686568
54972074603
767674630805
211862469754
288833171881
593566029340
353164952947
56050633377
258758349737
903833094905
583345685344
620751986095
55344243397
88316861938
704287369463
202178612047
61394496464
54241083215
557925352173
347654710923
403110481699
864700201488
116077094184
958865817983
60607209650
862134821537
565393726160
992340581437
732444395163
320496938361
113722678944
575005110346
999728257716
547934776079
704149119437
296144281219
620603675460
438419295548
676237804731
291976771934
838036084808
207568262729
869802994267
410800921182
388307940441
105972078604
827419912123
697806472264
505511019195
128370853715
257512950004
250645323069
957254472419
273232594343
717388941554
293174457366
933793128729
31336181854
932497972184
833694470684
422592981391
867164238008
140109490184
