40847790416
722330028012
707261385973
746873955051
654496788346
740618856813
217800068569
412937834990
566655417106
612306285210
405922338196
826104974209
539691671360
842764492229
180464540431
549529013414
966846098329
211119550370
979762528037
629829554256
37689835128
710117096461
6524867362
866747469063
536925319268
965281499893
180091985106
758909442290
965230866995
731226490918
280688765062
951134735909
902693141529
368706426038
295139795051
392385790051
123932854552
225063239352
228184486990
863112322201
169918313274
947004065217
642649520343
398281134163
14035834585
584474839884
17992360613
295558420379
956813262324
246829256835
866466480471
423238265107
283739377199
929596910906
585174772957
170687821879
832108517730
661882503735
932766204483
753398255174
231457660983
613833822642
470040394847
631232368824
975722527728
209711387608
754802568577
828124361529
965502762758
960861508016
257763092486
951052179708
94275613679
330073310667
811970047276
297614592632
967278006732
854580823230
179065458100
601727903530
221104284721
836399056167
235686086738
437933249702
253431838773
842982085283
499452504192
38414855622
62988574845
699793660294
481040717625
49119647002
648900537837
91523280654
852932814914
646529293033
213597796078
467903225221
537977254174
8890506748
