127014977419
987851728623
271441970201
636981336097
142363555290
901604845686
919193102069
984494916528
515618600684
494797203399
430895302907
912616872360
75251252795
512535743364
935562831428
740862468754
131686965355
989336906146
326933204226
581181118209
398016043572
700693703673
470153726025
653437598339
115398742305
770709030012
250584412589
362979502059
897328291013
884455323270
816240853823
595476256701
412601996621
337809250268
70979454603
989136185749
172544021762
879358012912
454911736013
320105934768
912922155129
999234278504
949928635606
790717440680
971518829956
110277746817
365009710601
604224747081
583631921598
960141745027
775747503351
756800884448
48732506915
819576167775
37838062304
384078318805
992277142244
416199801766
51139586584
972895073405
536773671181
216859016315
925175984886
51586371818
898390486659
350174902951
912520850934
732152134760
258171112730
382559507992
411139859177
165939059299
13267848061
87992251116
509766552515
259052600164
656599515502
726424074829
393553928060
55212037597
255793638202
633093939568
226436535157
706516444544
200573067428
235717055299
513070172446
161114140107
537705293229
673376230759
22256895145
891601467210
566599705053
565588576971
676035622060
456885668249
187464020142
294480002912
441430093915
622255421302
