964829550008
549472320824
772656658360
867216102860
971237899121
893218176904
228098129532
950051421377
836370534634
99581968002
311202330204
102664737578
690333095926
925917582436
515470012447
415133973970
303453002130
525105967666
138161333264
477425560183
697348848388
222111927474
738127793615
408118780473
158787532478
5775694829
769607742694
288718718387
716223097624
918525775747
289145077032
877915887376
478097354427
675243709570
92103861288
241692887380
80403482122
600818318299
627880514348
616204947954
931375764294
211265437392
473675626668
365174927297
609087726268
18043448697
725503659483
823425254491
474901492966
439120952183
406714851015
599316150703
664171129382
19267016003
497063194666
725829872885
249899608751
457633107254
452059527482
943313205603
637625451549
588615086071
741699205871
280182192481
361163954015
372472285666
761721109278
897930874468
971313274723
746566716366
938433791973
32335467022
587031887311
243461370974
74750190863
424786478069
546589186111
795849010750
809546833159
603136489002
56454649564
480862596390
382903627756
770852607378
871209132885
797248673669
698742290212
258526447709
265900433809
691520937497
979609691933
734183621023
537519930956
501534272204
336030856165
759871655542
897503379272
341781843053
845557553582
399555765695
