991229968860
549877306418
265938010000
632007595264
11898777549
622249105872
995380386267
557277614843
568957758839
448012511981
742030794869
100067541453
471533970976
433921112705
515716882805
926605072035
818046316612
202810908742
687163189965
696991776876
39667273841
479873968252
564371737387
353232036666
742113766436
666809268982
335442942197
37547615179
191462061626
619585328738
283580603538
735529124840
107087012461
464894240240
761814313527
501444949461
189409107986
818096703610
611827872243
944962669594
483950293451
534496107178
536334558235
601560635757
266057045725
469323554038
760151607016
679522419445
729508841285
606905964477
512003141113
704467208803
900768262596
784087064687
181585904919
957901003699
489249613149
133899028835
888971920547
856355402263
384548627602
782725683372
104709267329
946292584572
905564850649
568899050826
402567564958
606478944891
104922321029
270195260327
843571329259
794411615475
257372078972
627407383911
295141786409
392219560412
970390908217
19194472547
339558482092
761596715850
174839332177
466040820399
346614833133
561471443612
78355162862
678353204680
207958995347
166158571026
207539611193
862628700110
785921153083
368962796450
773348663452
760455599684
251155346645
727028801619
195092630689
758334514435
800076701845
404363980528
