155818573332
410846554331
792327296921
283207534199
568409292942
645646385341
236997623319
196398912347
717515310803
746450363557
54899082546
774349527417
238825014704
482075203008
576748735770
101827950726
39641774321
354553832576
271421894630
821994462515
718120451387
206835471854
259438746946
865706978664
162118854028
964128810517
323292546031
384890363898
192900041529
741794665475
456700891040
346874000285
291358401246
857934638511
840323089182
853579214459
651415528383
67325842740
177781859286
356470977195
462638678540
359845706137
146879428969
554578232947
966623428892
908581108061
924152809304
195683108705
420052526340
895077544646
532193674751
935093069395
827198085427
960648715291
608820037593
655711800893
621837351092
392454904316
790464308286
285889053077
590578538158
285566115497
53077791212
283754502422
881804023298
850827303339
299366055498
2346747470
686096484765
976997032646
944896185028
911786638675
34252788097
836381130686
278151079488
400887211055
834940349321
138810382356
372984828313
502683416762
695860996897
352915833397
734848031380
596278153575
899729401413
983124634388
928568710295
872064303361
143496226596
201545550821
321094941067
94361635765
851275646477
332601647551
996625157248
707496377534
604564116173
688397514860
139516534605
222098335621
