246569764077
603957072528
452108189419
270619225445
6039309497
71078464324
103293570843
138591446017
241593924650
665344747000
661853877368
554848383563
485037123483
796307783694
774446748291
665061867869
160506843815
399581795032
787605941137
357958493912
816283054274
889296680933
261917446183
468649991455
530703902669
283849331794
37868213193
708833473864
333023935508
550115689187
467970751155
285544984869
501867616647
554450025314
368475179036
902605319213
433238295074
258685221688
401544174673
946765186423
565373553622
575101035099
857655322552
100150716015
526027439734
740606615584
136213087594
217624730749
757709936226
891909747263
177175025985
662393768264
243465458106
11398950351
553452704076
976071937238
820951216180
514439061665
348216077328
298463277171
77068769936
192833754306
774473285549
280006374799
134726735203
216384311735
942112643474
71936219444
91075572768
593797248588
424049972255
800802615149
512096486879
598113441928
804091507083
745870070356
774931312594
393179446716
966449644864
873017655291
871259380376
308044100884
650744072380
984682631474
622164050155
35658045485
566067996961
928264122810
533115390685
354768898492
161690900626
224097659952
561180614690
183041231035
413405075252
492744180668
511457072013
99599056465
136099410820
292705768176
