33877916979
908865927721
349179225490
923407583326
489474672026
307550586367
244205589452
629318050958
179924461807
213411312363
849217727553
296368217158
233866475875
240843580346
165819055139
290433990207
423175961175
949541384218
538640034206
711690441910
277044850131
420604750114
443075304572
909055976043
958876058781
939059484538
579429781873
498306104866
752531968750
711466840089
969824156573
118464866230
129335654431
754514888039
930408468644
607356186695
777972999594
110754150703
607566775787
708207829884
252938674446
402761945156
300489150662
421549699049
662831883613
902571276083
40311963108
95515253756
266748640067
292152830268
685883702849
550781337687
399316188331
651435040228
136158061354
591935352502
35038518210
902242461844
833260330147
415445256878
14792958737
32934321954
434730264169
629619397598
339348518849
573538710221
314653603285
112553561973
359363600807
882185923605
161475626063
452642334445
8816552044
442264017888
580851532459
503035012053
246921839145
436940679226
84640177144
992338968044
637008591339
261039454145
465187912685
145271663329
778572285207
62277199795
387392837516
364395727947
696360472993
275017962648
1342493755
484395460480
641756516299
404400892929
939957212951
900042202637
781004070585
403150085827
204861739290
706135187458
