430386969636
685414597227
642212855922
383092645693
626414945037
905374535348
876775572702
613614153610
617727703063
878032367941
303198234024
563871160420
79204823441
989562192073
776461144799
645223257660
19061728456
627075431351
265775874563
146207359642
34656090288
490468082275
953845521140
612270810463
137186973361
346954574099
983248285243
245985914504
433706577794
211930278461
648386560967
330281915542
146621423227
777700765563
132685615774
438956377965
55382120382
866400091175
634330173948
203264715634
964289272170
280102811844
872372307887
104727699592
891676712203
438653455128
822456198365
529887671760
318007828606
349772368841
802148190552
525226668145
212294867119
516343162121
867669541392
547785012332
799181744811
479664121025
65619623892
8256111861
270309197470
954554368312
740362459320
697214440058
486693319575
642536069779
34609734127
795998926053
348528495370
557846091675
281308855977
628560830528
104070631385
882086459045
515577628166
980483400857
882717449572
588921379433
519267538633
553003619100
694271398183
627607206174
899438675897
759919863458
414576344107
125323356969
755665361269
741922700967
949740834413
557444097430
997927405312
386385774611
756399122816
776700500564
919428563548
139919050621
848829032546
9187387498
197965832699
497153047997
