980340679631
127108251549
28989066177
586227819526
500708940716
339420606976
380444313968
930107401058
336976441872
437611162047
67225811589
869813397401
830519151214
946684186478
589901557426
452061444424
544017068658
430002414925
425938899574
652311443499
736358673348
512450301616
945988436717
854062087231
714528616081
62585570278
695865218735
602025671978
466472493946
879207254770
71708204978
58869852223
30883523531
982490884062
52999867536
763308385429
874439506419
200374075049
323681806356
942019844380
83373305324
910668213424
488915368433
62036445199
541884044471
611169111692
835492032854
939738453158
71080598339
285580679668
473557692997
57872288026
71061585723
182297156307
42077545921
286494044589
716655825308
548323509248
660328006151
474534244538
304152329952
534990355640
984538574971
676978100635
319197874974
623502295046
857822264784
159046532684
148358430422
764995679411
508249335549
804723001878
347113912759
304343677947
387863666348
666430875737
186739878185
797476557051
571790803878
119337643025
736158094941
856680817756
596147412572
612319223165
420858030337
420823926550
835660557751
16525373441
21211159384
805607455684
314910283431
442116104396
545152466740
495387853108
829552610369
668552373259
846069567516
28368540524
156953565803
205025841588
