218117309554
146555317060
646317453884
460798073773
294321231776
421401472630
468989586522
845852061019
583911515407
217067256884
999389608159
891238775294
642722478678
602351533107
241838537653
714030878177
876196439946
692809580748
35031573288
400148305472
447214831958
575114016904
91324050480
360217495031
178509150502
513878497978
279685034594
713923798523
823943513830
800235020814
28353521191
803534382596
4518727966
598110447371
975256261192
47434748102
355808552759
143709376847
632898438382
232530908206
754704854433
276789963870
108421034952
865312730189
24734412993
403829706027
49881465049
180722771691
498788402175
166903060871
926578988132
160347114403
209367572249
489946452848
480375264228
219840891643
657512858053
24112230686
475096183777
651059521163
700266349270
963125127508
519312220677
379662205363
56805314567
152582703149
944737275337
387644118628
963323997673
597496171715
351872890726
503707393083
424927665894
116795998367
822104483692
81463505335
317088312445
748496270816
582572942066
153239535183
620582525291
374375249224
501403597740
34656358413
670728770700
689291992731
478448529538
305096378212
478974871438
305537413365
618883823733
625622525584
944857275504
858369181893
412988635693
550140991137
516418274732
833617249962
886365090812
537714112054
