893912148144
747023058451
220291254724
976939704946
395544517942
765597723565
718580461306
113403659918
653307895997
206455267521
675804358082
102758892930
894422342355
375326113650
236930900267
727187358185
919755089391
649302441065
382183872898
5088053817
326072612673
529332338462
625809270124
869725597686
535528566881
892358969024
693569601077
71448359155
29903987595
885589865156
190958630236
566795574544
324951376871
952749140040
541395790718
292957855007
185234908276
42751325608
289949637755
741349069241
860514740514
540286080561
805760151222
706085295122
476712676763
990890498707
406152498297
100553712621
863152182554
25137585292
392723772185
999973304851
335415968745
990118934516
201391557567
670249365149
787257318713
461797657455
421617173831
884459118430
181917641409
735435413994
309118916777
256577964929
413420558010
335517419477
39526806268
784820616854
19577390432
638926623142
690147724051
727832329645
105523003590
143465149598
410821333090
447835014022
278728717085
242516226912
864656046146
394740379207
196727439375
564799667511
248361514754
692818884200
379539903539
364373667020
719525614785
538886663145
349727166095
929748959902
148153646367
993972352194
604822875093
488152308568
603774586155
74246582211
835645686429
86730542064
321848158314
378009955783
