980904305826
28524179475
589894497396
5142090606
630523003598
206656192252
197280730577
14169361464
915056745690
685589070800
723013781486
917982171714
493058704237
634399819227
921762535745
304523417290
411511492268
288127222422
285847033817
639849213851
726009687498
728550813270
833157889229
594036100904
115215637242
383701744559
396499089235
293129751177
441162572606
411763292124
782526162154
466507801359
192663480829
283122501926
627814275522
884132208077
520856113374
38726874583
610483600984
464134473464
428967035072
340402523009
991125419677
281685258924
438452300690
536807334182
9203384630
351986034441
426468772806
662610427045
697658936779
830751604337
370212232081
671187297599
312730563292
620973639278
138781681533
853692139550
334433738406
928790533852
823354593146
278903788773
848831757393
953426524301
576187223821
922965981792
127901203617
801838212788
556632085517
207823906746
542750358566
968875351122
36345531152
255437813846
656758551432
191967679684
818427301088
5089635502
912167471407
836831178173
665741144473
481739057543
31621003399
773026081549
577009692226
636384449151
67291384396
202556997475
680883745298
773338377380
426266913431
415840532372
452368143496
185724750842
843991882861
95924155831
461414157102
356608247676
771323845202
58386938177
