144946559340
599192756262
919593136242
302321913281
880419052132
112521116571
848033045152
809191046649
288819032793
999881983419
667961972076
261263928493
790809854034
248272615321
785628210445
228183496369
879784529919
387056910288
449320098321
701714301005
86333012786
96349203204
587035038217
421724016590
587593083966
318623086691
304677819169
242202791642
567966051310
462758876145
509677025112
712955257061
491454937011
330441295192
716425083592
366026149816
464016959780
127970918398
549712080451
604570366797
425604104268
10270796846
330535882689
798302014776
240462754350
225918218587
939653476703
803497463578
400908979467
80760973959
679466854167
895435098414
195941876246
769341518305
614872814096
823815699274
825829322285
532498317692
146006374794
45858129186
840605011250
94948570733
152812685867
427212404406
834792944461
799691614493
249658034003
716378782231
65787553803
212672123783
729397073522
843259401280
824439222439
469135356406
633816896939
560240139684
385007258354
548275993434
181134829836
372259574639
932361149425
3490700289
714431509685
631192188668
259657911006
68698656955
858644976173
338645620077
100981423736
169910179928
462052838984
470004681244
503745980418
691084571727
222746603997
375875742866
129448828609
925866310079
645127338269
630742057460
