884222560945
961643626897
968387689201
347031037550
599251778985
94922235523
618754711299
543841716005
997156554653
87438545388
466097337589
861851235711
421957323856
543172022007
808466818486
467485279958
694252454885
173547423132
20286104572
113308688966
289877621762
60818131188
912454477217
395648861367
908554843270
199394783333
401227434978
158182647760
188268264672
92353966527
866042401523
950791895299
879135616255
151988918582
474006707313
633265902187
239855633954
908264640576
232784613399
567768380410
114806302942
320205835708
574510107050
784212133910
852368054785
981065522733
882937204276
194321694778
549204172514
35986910350
20505952181
29826651058
626658490801
128079182703
838036698798
690480891995
993235023227
311380452083
501393491372
703731422011
208450640902
932749865432
920664808074
620654025553
762376135674
249864791
756064679603
518831071147
546904779353
533019295806
946858606322
219880541556
235281262953
907943024180
140838806491
416694965940
123580779095
668570244874
464314743633
875583435783
218093003452
420355654950
22163626954
972981984567
110978543004
143060913094
866598894623
39209542389
999802380608
711271944559
602586573072
323515785003
79379949047
936712205453
115560863583
296340967612
329586058506
994023861437
479342955279
31607321119
