701371283572
999126594970
533425515909
598984399091
802197333446
988810331506
76389263006
371793616804
261198606229
416941946904
592064189116
854579686831
783849119300
118764341565
85135639341
282014164505
363740578465
878795553559
400275850878
995184657196
281048233820
282677411325
989902325067
90263576245
53854750670
269326908656
680592759215
518385596659
18760846686
367418442746
626553134438
749768367754
456968115349
780742077146
993210154759
64267300137
233759954296
30982796781
103372157938
407026567347
758411904296
799588680119
452761916203
403308237166
488935174951
599431276667
868520888449
374763788441
990712376271
734499830958
142588791683
782184512764
900230316484
500231085670
291313602167
794335167569
220546830398
248126993035
333292940750
934647426108
659348752085
727316619537
303848967750
473318341605
839042559925
186410958227
169774947636
289452965675
267879959657
861911204974
206015808222
320879016789
143927440778
718536059250
760844420310
696381133101
123095858742
126170420209
447696361374
903770527462
709933008071
474619266836
124931576426
493357420296
709267657966
486151548021
667177625012
649644709417
829891489612
484644265530
21871349742
545483061048
783039021305
223337475403
548408793642
338416137115
6221014982
620513471708
170764872059
874576641496
