821955837986
665256652905
245712361677
451721057084
257759367442
935674695837
55290431989
580197298497
783227440591
419808154372
966128331981
678950513558
807028781343
410420565906
933160160701
669011200621
994547907364
445236317491
57647302726
864763902657
821648449051
984136826751
318979250556
992605063195
988340647680
304296149140
243714959740
257516128257
822587535907
302901445353
608812852747
579688682669
835109456135
359072498266
54009896473
370989601225
139552265597
459726652704
277183372040
306510134911
615829146881
527760497544
554129718142
540537017937
894609682435
623057481989
562326514853
809680033179
917319981203
187911569553
295792628439
911987835021
912075792725
910772318379
157236809425
674834158170
493404619864
61834229357
207536356451
843159146726
56859934250
318454985735
613354975975
337326631749
780105414730
37638542848
227437433673
228471214324
760513209518
931720593373
30936618617
36575685862
563291471998
810416754618
475654470418
122415946661
600363782233
815189333877
830362605797
443419776279
456866309823
613926685471
298009707442
109784147283
924998275085
890723602964
458176629390
988823559134
942222072137
352258468625
372308536348
1072140592
624001604019
618133305124
535151100264
141808094900
898758296991
570047167913
680478915408
923106173865
