336544067570
786703663536
988871029538
372294582089
618513187521
790030087692
417275207395
590747933935
436795069503
600944426201
832844165150
767516645571
8503509298
366713942621
804864037294
738949290428
554812626156
274472892242
346802946890
276005381438
359125006695
54765849002
655020376076
345614445501
640553620064
847529235401
957231780333
223966877220
561900622946
613438310956
824596594950
734494713233
122105103098
396168355603
622376685040
294520175028
968771326248
996758851474
287474410023
200683559415
305318988122
358013212046
979537339028
124564476542
336369950548
383858900786
562863874245
564085287000
827290651819
957639556258
937419427056
445494168142
274244297188
873458043192
302621105354
274605717866
539295701277
612507044083
300325803747
726124678796
495088174465
771168265904
96240241922
156400111108
66279179408
563118490084
54019280964
535771230354
960467762488
698539112334
299746031685
198331697788
61501897113
331457863143
421705660408
776992299326
208671423672
120871473068
935360034228
704830712251
509430253936
31113295888
406728818243
555668633605
764932969604
668263356965
644130443817
849524864607
984650196017
219693134669
601942852666
254778349397
20638150036
724040700597
374008501575
237339546916
513738932316
675742520050
227864058177
674299133360
