584376566426
864464006017
265842627753
849128325252
75877809235
458818553000
598484712394
658806235209
152478599115
682728852823
643597510281
345923623483
968022699415
682386346010
14933747537
710302602138
150176851241
366498261144
347133387456
718543479154
315426301247
635517864839
591968942721
444142243169
435465959015
290856847662
764908458829
851851111626
212224357111
886655078241
993687952345
996693198326
306463865043
930163987057
204474444209
901292463618
922865027301
584197734907
293638786074
60363673295
324632365812
583368012298
295489965518
744611834551
242531791475
561855585775
340447139451
597058996368
343919471019
301328755975
132665829775
716448399332
380942467738
12265725208
325230365089
345397319552
118327947060
247188450336
445870285934
315778333218
854309289227
561328873498
144997637439
108098899304
47783696435
896421789879
489004225576
653725015765
734612455002
775896127187
182798402232
548556706194
662630651963
301870261989
828885718384
897229246826
443494503528
834003139710
548275101322
318674319533
694376223705
687990503187
77331233890
227612471517
728743187089
204169045292
783772173602
236215203637
323304771620
183164033636
192277215530
699842505301
532614022774
990858441657
764200865828
982985072561
762219792984
915182773631
685829886647
483754094318
