906607021336
853000677310
149310600804
358697178739
638260131305
104271871797
123969253040
4809626832
919476786432
909648008414
633868019075
53761363663
790773522512
231020402019
764785801284
892998022431
770370883857
444439126604
363058579349
920937272335
934514152950
707374480629
69086522295
441866673417
60202130723
615329056275
270967612142
655885815664
550464831758
641009256619
170539253356
514313171935
417506418887
168170857467
508392535170
788647366832
592674273820
308353548796
509937723680
307000788213
402809109348
653720937196
633042699498
805486724468
859497677091
192897342929
302091145072
709219829843
584923328744
608889431360
708772651168
316936367295
432785465646
555848940460
738204861146
505804419522
879621941705
627817631539
945134415317
6573088861
555145526342
289846364362
381050065213
194711183199
168531583986
202503206735
535019279815
536449392666
163948334106
325000322702
999629540741
280884263606
734561166155
825854647851
458538602681
861476144525
551261042973
600338264239
162583862765
158342288108
507573093814
468752882005
390302534655
807396871657
243409376373
508499755075
204571445713
606901688043
46207741121
784588663117
457668371369
512481787673
758172112782
225551491368
3311010721
361284836454
93319073711
997804582861
88427387375
363845104510
